0.29621466516032885 7.520981539605174
0.29632223210422576 7.556847420347062
0.29632223210422576 7.510368922705023
0.2964297990481227 7.5008729063488255
0.29653736599201963 7.56646827657346
0.29653736599201963 7.520408504135403
0.2965642577279939 7.493608863147385
0.2966718246718908 7.556412732012136
0.29664493293591654 7.510354187507229
0.2967740132685929 7.577344326065285
0.2967524998798135 7.48075936135988
0.2968600668237104 7.520393768937609
0.2968600668237104 7.500294959146457
0.2968600668237104 7.4902455542508815
0.29698914715638675 7.563935296072654
0.2969676337676074 7.554724323931563
0.2969676337676074 7.510339452309435
0.29698914715638675 7.4751655528284
0.29709671410028365 7.587378995763067
0.2970752007115043 7.5756556723980815
0.2971827676554012 7.520379033739815
0.2971827676554012 7.500280223948662
0.2971827676554012 7.490230819053087
0.2972042810441806 7.465106324467627
0.2973118479880775 7.563920560874861
0.29729033459929816 7.554709588733768
0.29729033459929816 7.510324717111641
0.29729033459929816 7.4801765024249125
0.29741941493197444 7.5960737448081055
0.29739790154319506 7.5828988407359805
0.29739790154319506 7.573966036384357
0.297505468487092 7.520364298542021
0.297505468487092 7.500265488750869
0.297505468487092 7.490216083855293
0.297505468487092 7.47011727406414
0.2974785767511178 7.458394196285784
0.29761303543098894 7.559719555983762
0.29761303543098894 7.5103099819138475
0.29761303543098894 7.480161767227119
0.29761303543098894 7.450571852812367
0.2977421157636652 7.6027586128740285
0.29772060237488585 7.589583708801904
0.29772060237488585 7.579534303906328
0.29772060237488585 7.570601499554705
0.29782816931878275 7.520349563344228
0.29782816931878275 7.500250753553075
0.29782816931878275 7.490201348657499
0.29782816931878275 7.470102538866347
0.29782816931878275 7.460053133970771
0.2979572496514591 7.558196427705112
0.2979357362626797 7.510295246716053
0.2979357362626797 7.480147032029325
0.29790884452670546 7.448325144459817
0.298064816595356 7.609443480939952
0.2980433032065766 7.5962685768678275
0.2980433032065766 7.586219171972251
0.2980433032065766 7.576169767076675
0.2980433032065766 7.567236962725053
0.2980433032065766 7.440502800986399
0.29815087015047353 7.520334828146433
0.29815087015047353 7.500236018355281
0.29815087015047353 7.490186613459705
0.29815087015047353 7.4700878036685525
0.29815087015047353 7.460038398772976
0.2982584370943705 7.556619434092304
0.2982584370943705 7.510280511518259
0.2982584370943705 7.480132296831531
0.2982584370943705 7.449984082144803
0.29827995048314987 7.435578952781291
0.29839289577424166 7.616630573664024
0.2983660040382674 7.605186646021656
0.2983660040382674 7.59513724112608
0.2983660040382674 7.585087836230505
0.2983660040382674 7.575038431334929
0.2983660040382674 7.564989026439353
0.2984735709821643 7.520320092948639
0.2984735709821643 7.500221283157487
0.2984735709821643 7.490171878261911
0.2984735709821643 7.470073068470759
0.2984735709821643 7.460023663575182
0.2985811379260613 7.555906823554539
0.2985811379260613 7.510265776320464
0.2985811379260613 7.480117561633737
0.2985811379260613 7.449969346947009
0.2985811379260613 7.439919942051432
0.2986080296620355 7.428194408406777
0.29871021825873756 7.61946341543994
0.2986887048699582 7.606288511367815
0.2986887048699582 7.59623910647224
0.2986887048699582 7.586189701576663
0.2986887048699582 7.576140296681087
0.2986887048699582 7.566090891785511
0.29879627181385515 7.5203053577508445
0.29879627181385515 7.500206547959692
0.29879627181385515 7.490157143064117
0.29879627181385515 7.470058333272965
0.29879627181385515 7.460008928377388
0.29890383875775206 7.556589963696716
0.29890383875775206 7.51025104112267
0.29890383875775206 7.480102826435942
0.29890383875775206 7.449954611749215
0.29890383875775206 7.439905206853638
0.29890383875775206 7.4298558019580625
0.29890383875775206 7.420922997606439
0.2990382974376232 7.626650508164012
0.29901140570164897 7.615206580521645
0.29901140570164897 7.6051571756260685
0.29901140570164897 7.595107770730492
0.29901140570164897 7.585058365834916
0.29901140570164897 7.57500896093934
0.29901140570164897 7.564959556043764
0.29911897264554593 7.52029062255305
0.29911897264554593 7.500191812761898
0.29911897264554593 7.490142407866323
0.29911897264554593 7.47004359807517
0.29911897264554593 7.459994193179594
0.2992480529782222 7.556462586098006
0.29922653958944284 7.5102363059248765
0.29922653958944284 7.480088091238148
0.29922653958944284 7.44993987655142
0.29922653958944284 7.439890471655844
0.29922653958944284 7.429841066760268
0.29920502620066347 7.417112802905725
0.299360998269314 7.629985574598076
0.29933410653333975 7.618541646955709
0.29933410653333975 7.608492242060133
0.29933410653333975 7.598442837164557
0.29933410653333975 7.588393432268981
0.29933410653333975 7.578344027373405
0.29933410653333975 7.568294622477829
0.2994416734772367 7.520275887355257
0.2994416734772367 7.500177077564104
0.2994416734772367 7.490127672668528
0.2994416734772367 7.470028862877376
0.2994416734772367 7.459979457981801
0.2994416734772367 7.410849034047873
0.2995492404211336 7.555443892757174
0.2995492404211336 7.510221570727083
0.2995492404211336 7.4800733560403545
0.2995492404211336 7.449925141353626
0.2995492404211336 7.439875736458051
0.2995492404211336 7.429826331562474
0.2995492404211336 7.4197769266668985
0.2996836991010048 7.633320641032141
0.29965680736503053 7.621876713389773
0.29965680736503053 7.611827308494197
0.29965680736503053 7.601777903598622
0.29965680736503053 7.591728498703046
0.29965680736503053 7.58167909380747
0.29965680736503053 7.5716296889118935
0.29965680736503053 7.561580284016317
0.2997643743089275 7.520261152157462
0.2997643743089275 7.50016234236631
0.2997643743089275 7.490112937470734
0.2997643743089275 7.4700141276795815
0.2997643743089275 7.459964722784006
0.2997643743089275 7.408042797490197
0.2998719412528244 7.510206835529289
0.2998719412528244 7.48005862084256
0.2998719412528244 7.449910406155832
0.2998719412528244 7.439861001260256
0.2998719412528244 7.429811596364679
0.2998719412528244 7.419762191469104
0.30000639993269557 7.636655707466206
0.29997950819672137 7.625211779823838
0.29997950819672137 7.615162374928262
0.29997950819672137 7.605112970032686
0.29997950819672137 7.59506356513711
0.29997950819672137 7.585014160241534
0.29997950819672137 7.574964755345958
0.29997950819672137 7.564915350450382
0.29997950819672137 7.555982546098758
0.29997950819672137 7.400775070489306
0.3000870751406183 7.520246416959669
0.3000870751406183 7.5001476071685165
0.3000870751406183 7.49009820227294
0.3000870751406183 7.469999392481788
0.3000870751406183 7.459949987586212
0.3000870751406183 7.409702963108332
0.3001946420845152 7.510192100331494
0.3001946420845152 7.480043885644767
0.3001946420845152 7.449895670958038
0.3001946420845152 7.439846266062462
0.3001946420845152 7.429796861166886
0.3001946420845152 7.41974745627131
0.30032910076438635 7.63999077390027
0.3003022090284121 7.628546846257903
0.3003022090284121 7.618497441362327
0.3003022090284121 7.608448036466751
0.3003022090284121 7.5983986315711745
0.3003022090284121 7.588349226675598
0.3003022090284121 7.578299821780023
0.3003022090284121 7.568250416884446
0.3002806956396327 7.556750413628251
0.3003237224171915 7.398972792074668
0.3003559925003606 7.518559236812244
0.3003739203243434 7.501251109758874
0.3003559925003606 7.488411022125516
0.3003739203243434 7.471102895072146
0.3003559925003606 7.458262807438787
0.30040977597230906 7.411921428998443
0.30040977597230906 7.4465360458609835
0.30051734291620597 7.432015327056997
0.30051734291620597 7.421965922161421
0.30062490986010293 7.644164518675449
0.30062490986010293 7.634115113779873
0.30062490986010293 7.624065708884297
0.30062490986010293 7.614016303988721
0.30062490986010293 7.603966899093145
0.30062490986010293 7.593917494197569
0.30062490986010293 7.583868089301993
0.30062490986010293 7.573818684406417
0.30062490986010293 7.563769279510841
0.30062490986010293 7.5553947754311945
0.3005980181241287 7.397955326666986
0.30073247680399984 7.409673492712743
0.30073247680399984 7.390691283465545
0.30084004374789675 7.429767390771298
0.30084004374789675 7.419717985875721
0.30094761069179365 7.6474995851095136
0.30094761069179365 7.637450180213937
0.30094761069179365 7.627400775318361
0.30094761069179365 7.617351370422785
0.30094761069179365 7.60730196552721
0.30094761069179365 7.597252560631634
0.30094761069179365 7.5872031557360575
0.30094761069179365 7.577153750840481
0.30094761069179365 7.567104345944905
0.30094761069179365 7.557054941049329
0.30094761069179365 7.399614264351971
0.3010820693716648 7.408820079173835
0.30107669102447 7.387884064561348
0.3011627445795875 7.425286253397692
0.3011627445795875 7.416353449046069
0.30129182491226386 7.646143946912456
0.3012703115234845 7.632969042840331
0.3012703115234845 7.622919637944756
0.3012703115234845 7.61287023304918
0.3012703115234845 7.602820828153604
0.3012703115234845 7.592771423258028
0.3012703115234845 7.5827220183624515
0.3012703115234845 7.572672613466875
0.3012703115234845 7.562623208571299
0.3012703115234845 7.55480700476363
0.30139939185616077 7.404283357359662
0.3013778784673814 7.390661813069956
0.3013778784673814 7.381729008718333
0.3014854454112783 7.523532366067752
0.3014854454112783 7.419688515480133
0.30161990409114947 7.64998123800467
0.30159301235517527 7.638537310362302
0.30159301235517527 7.628487905466726
0.30159301235517527 7.61843850057115
0.30159301235517527 7.608389095675574
0.30159301235517527 7.598339690779998
0.30159301235517527 7.588290285884423
0.30159301235517527 7.578240880988846
0.30159301235517527 7.56819147609327
0.30157149896639585 7.556691472837075
0.3017005792990722 7.409629287119362
0.3017005792990722 7.399579882223785
0.3017005792990722 7.38953047732821
0.30172747103504644 7.377804943683555
0.30180814624296914 7.523517630869959
0.30180814624296914 7.41967378028234
0.30191571318686605 7.654154982779849
0.30191571318686605 7.644105577884273
0.30191571318686605 7.634056172988696
0.30191571318686605 7.624006768093121
0.30191571318686605 7.613957363197544
0.30191571318686605 7.603907958301969
0.30191571318686605 7.593858553406393
0.30191571318686605 7.5838091485108166
0.30191571318686605 7.57375974361524
0.30191571318686605 7.563710338719664
0.30191571318686605 7.555335834640018
0.30202328013076296 7.4096145519215675
0.30202328013076296 7.399565147025991
0.30202328013076296 7.389515742130415
0.3020017667419836 7.376787478275872
0.30202328013076296 7.523507807404762
0.30213084707465987 7.418542444540592
0.30226530575453103 7.6533015692409405
0.30223841401855683 7.641857641598573
0.30223841401855683 7.631808236702997
0.30223841401855683 7.621758831807421
0.30223841401855683 7.611709426911845
0.30223841401855683 7.601660022016269
0.30223841401855683 7.5916106171206925
0.30223841401855683 7.582119512497093
0.3021846305466084 7.57458491469171
0.3022599274073362 7.37242094799622
0.30234598096245374 7.406250015091914
0.30234598096245374 7.396200610196338
0.30234598096245374 7.386151205300762
0.3024535479063507 7.415177907710939
0.3025611148502476 7.65747531401612
0.3025611148502476 7.6474259091205425
0.3025611148502476 7.637376504224967
0.3025611148502476 7.627327099329391
0.3025611148502476 7.617277694433815
0.3025611148502476 7.607228289538239
0.3025611148502476 7.597178884642663
0.30253422311427336 7.585455806864307
0.302582628239027 7.377430915246213
0.3025611148502476 7.366600872316391
0.3026955735301188 7.403721700737076
0.3026686817941445 7.391719472822732
0.30277624873804143 7.411255070609311
0.3028838156819384 7.657460578818325
0.3028838156819384 7.647411173922749
0.3028838156819384 7.637361769027173
0.3028838156819384 7.627312364131597
0.3028838156819384 7.617262959236021
0.3028838156819384 7.607213554340444
0.3028838156819384 7.597164149444868
0.3028838156819384 7.587114744549293
0.3028838156819384 7.379427043374055
0.3028838156819384 7.36602783684662
0.3029913826258353 7.399520941432609
0.3029913826258353 7.389471536537033
0.30309894956973227 7.409565434595587
0.3032065165136292 7.6607956452523895
0.3032065165136292 7.650746240356813
0.3032065165136292 7.640696835461238
0.3032065165136292 7.630647430565661
0.3032065165136292 7.620598025670086
0.3032065165136292 7.61054862077451
0.3032065165136292 7.6004992158789335
0.3032065165136292 7.587100009351499
0.30323340824960343 7.380248530651076
0.3032065165136292 7.368246302736732
0.3032065165136292 7.360430098929061
0.3033355968463055 7.399505223888295
0.3033140834575261 7.38610699970738
0.30352921734531996 7.660780910054595
0.30352921734531996 7.650731505159019
0.30352921734531996 7.640682100263444
0.30352921734531996 7.630632695367868
0.30352921734531996 7.620583290472291
0.30352921734531996 7.610533885576715
0.30352921734531996 7.600484480681139
0.30350232560934576 7.588761402902783
0.3035561090812942 7.373534192189565
0.3035077039565406 7.359299745533834
0.3036367842892169 7.39949147103702
0.3036367842892169 7.389442066141445
0.3036367842892169 7.379392661245869
0.30385191817701074 7.660766174856802
0.30385191817701074 7.6507167699612255
0.30385191817701074 7.640667365065649
0.30385191817701074 7.630617960170073
0.30385191817701074 7.620568555274497
0.30385191817701074 7.610519150378921
0.30385191817701074 7.598794844667416
0.30374435123311383 7.592100153136297
0.303878809912985 7.366819853728053
0.30385191817701074 7.355934226357662
0.30395948512090765 7.393893733119462
0.30395948512090765 7.383844328223886
0.30395948512090765 7.374353223600286
0.3041961323974809 7.6594105366597445
0.3041746190087015 7.6462356325876195
0.3041746190087015 7.636186227692043
0.3041746190087015 7.626136822796467
0.3041746190087015 7.616087417900891
0.3041746190087015 7.606038013005316
0.3041746190087015 7.5982218091976454
0.3041746190087015 7.362619094423585
0.3041746190087015 7.353127989799985
0.3042821859525985 7.392762397377715
0.3042821859525985 7.382712992482139
0.3042821859525985 7.372663587586564
0.3044973198403923 7.664086506093072
0.3044973198403923 7.6540371011974955
0.3044973198403923 7.64398769630192
0.3044973198403923 7.633938291406344
0.3044973198403923 7.623888886510768
0.3044973198403923 7.613839481615192
0.3044704281044181 7.602116403836836
0.3044973198403923 7.3626043592257915
0.30452421157636655 7.350878825581136
0.3046048867842892 7.3927476621799215
0.3046048867842892 7.382698257284345
0.3046048867842892 7.372648852388769
0.3048200206720831 7.664071770895278
0.3048200206720831 7.654022365999702
0.3048200206720831 7.643972961104126
0.3048200206720831 7.63392355620855
0.3048200206720831 7.6238741513129735
0.30484691240805734 7.612148617668319
0.3047662372001346 7.60545269820405
0.3048415340608625 7.361248721028733
0.3047931289361089 7.348354195025747
0.30492758761598004 7.38603332371841
0.30492758761598004 7.3759839188228336
0.30514272150377386 7.664057035697484
0.30514272150377386 7.654007630801908
0.30514272150377386 7.6439582259063314
0.30514272150377386 7.633908821010755
0.30514272150377386 7.623859416115179
0.3051212081149945 7.611131152260636
0.30514272150377386 7.365924690462061
0.30514272150377386 7.355875285566485
0.30514272150377386 7.34582588067091
0.30514272150377386 7.386023500253213
0.3052502884476708 7.37596918362504
0.3054654223354647 7.664042300499689
0.3054654223354647 7.653992895604113
0.3054654223354647 7.643943490708537
0.3054654223354647 7.633894085812962
0.3054654223354647 7.623844680917386
0.3054654223354647 7.614911876565762
0.3054654223354647 7.365909955264268
0.3054654223354647 7.355860550368691
0.3054923140714389 7.344135016724037
0.3055729892793616 7.375954448427246
0.3057881231671554 7.664027565301895
0.3057881231671554 7.65397816040632
0.3057881231671554 7.643928755510744
0.3057881231671554 7.633879350615167
0.30576660977837605 7.621151086760624
0.3057881231671554 7.363662018978568
0.3057881231671554 7.353612614082992
0.30576660977837605 7.342112610826796
0.3057881231671554 7.375944624962049
0.30611082399884626 7.6640128301041015
0.30611082399884626 7.653963425208525
0.30611082399884626 7.643914020312949
0.30611082399884626 7.633864615417373
0.30611082399884626 7.62493181106575
0.30611082399884626 7.35471447942915
0.306083932262872 7.343270551786782
0.3062452826787174 7.337819756536115
0.306433524830537 7.663998094906307
0.306433524830537 7.653948690010731
0.306433524830537 7.643899285115155
0.306433524830537 7.633849880219579
0.306433524830537 7.625475376139932
0.306433524830537 7.35246654314345
0.3065195783856546 7.339733367556309
0.3067562256622278 7.663983359708513
0.3067562256622278 7.653933954812937
0.3067562256622278 7.643884549917361
0.3067562256622278 7.633835145021785
0.3067562256622278 7.625460640942138
0.3067562256622278 7.350218606857751
0.3067777390510072 7.335366837276657
0.3070789264939186 7.663968624510719
0.3070789264939186 7.653919219615143
0.3070789264939186 7.643869814719567
0.3070789264939186 7.633820409823991
0.30702514302197015 7.625448361610643
0.3070789264939186 7.349087271116003
0.3070789264939186 7.3356880645885685
0.3074016273256094 7.663953889312925
0.3074016273256094 7.653904484417349
0.3074016273256094 7.643855079521773
0.3074016273256094 7.633805674626197
0.3074016273256094 7.349072535918209
0.3074016273256094 7.339023131022634
0.3074016273256094 7.3306486269429865
0.30772432815730016 7.6639391541151305
0.30772432815730016 7.653889749219555
0.30772432815730016 7.643840344323978
0.30772432815730016 7.633790939428403
0.30772432815730016 7.349057800720415
0.30772432815730016 7.339008395824839
0.30772432815730016 7.330633891745192
0.30804702898899095 7.663924418917336
0.30804702898899095 7.653875014021761
0.30804702898899095 7.643825609126185
0.30804702898899095 7.6337762042306085
0.30804702898899095 7.349043065522621
0.30804702898899095 7.338993660627045
0.30804702898899095 7.329502556003446
0.3083697298206817 7.66279308317559
0.3083697298206817 7.652743678280014
0.3083697298206817 7.642694273384437
0.3083697298206817 7.633203168760838
0.3083697298206817 7.349028330324827
0.3083697298206817 7.338978925429251
0.3083697298206817 7.328929520533675
0.3086924306523725 7.6605451468898895
0.3086924306523725 7.650495741994314
0.3086924306523725 7.640446337098738
0.3086924306523725 7.632071833019091
0.3086924306523725 7.349013595127033
0.3086924306523725 7.338964190231457
0.3086924306523725 7.328914785335881
0.3090151314840633 7.660530411692095
0.3090151314840633 7.65048100679652
0.3090151314840633 7.640431601900944
0.30903664487284266 7.627701373353361
0.3090151314840633 7.348998859929239
0.3090151314840633 7.338949455033664
0.30903664487284266 7.326219226486081
0.30933783231575407 7.660515676494302
0.30933783231575407 7.6504662715987255
0.30933783231575407 7.640416866703149
0.3093109405797798 7.628693788924794
0.30933783231575407 7.3489841247314445
0.30933783231575407 7.338934719835869
0.30933783231575407 7.325535513308434
0.30947229099562523 7.6219868180621795
0.30966053314744485 7.6571511396646486
0.30966053314744485 7.647101734769073
0.30966053314744485 7.637052329873497
0.30966053314744485 7.34896938953365
0.30966053314744485 7.338919984638075
0.30966053314744485 7.32552077811064
0.3097681000913418 7.626998013245323
0.3097681000913418 7.618623509165676
0.30998323397913563 7.657136404466855
0.30998323397913563 7.647086999571279
0.30998323397913563 7.637037594675703
0.30998323397913563 7.348954654335856
0.30998323397913563 7.33890524944028
0.30998323397913563 7.325506042912846
0.31009080092303254 7.626983278047529
0.31009080092303254 7.617492173423929
0.3103059348108264 7.657121669269061
0.3103059348108264 7.6470722643734845
0.3103059348108264 7.637022859477908
0.3103059348108264 7.348939919138062
0.3103059348108264 7.338890514242486
0.31028442142204704 7.326162250387943
0.3104403934906976 7.62780476532455
0.3104135017547234 7.6163608376821825
0.3105210686986203 7.320456781802068
0.3106286356425172 7.653757132439408
0.3106286356425172 7.643707727543831
0.3106286356425172 7.348925183940269
0.3106286356425172 7.338875779044693
0.3106286356425172 7.328826374149116
0.31073620258641416 7.633653410915658
0.31073620258641416 7.623604006020082
0.31073620258641416 7.613554601124505
0.31084376953031106 7.320442046604273
0.31095133647420803 7.653742397241614
0.31095133647420803 7.643692992346038
0.31095133647420803 7.348910448742474
0.31095133647420803 7.338861043846898
0.31095133647420803 7.328811638951322
0.31108579515407914 7.634474898192678
0.31105890341810494 7.622472670278334
0.3110373900293255 7.610191046641372
0.31116647036200185 7.32042731140648
0.31127403730589875 7.650377860411961
0.3112955506946782 7.6058245163617215
0.31127403730589875 7.34889571354468
0.31127403730589875 7.338846308649105
0.31127403730589875 7.328796903753528
0.3113816042497957 7.640323543783787
0.3113816042497957 7.630274138888211
0.3113816042497957 7.620224733992635
0.3114891711936926 7.320412576208685
0.3115967381375896 7.650363125214167
0.3115967381375896 7.610165505631863
0.3115967381375896 7.600674401008263
0.3115967381375896 7.348880978346886
0.3115967381375896 7.33883157345131
0.3115967381375896 7.328782168555734
0.31173119681746075 7.641145031060808
0.3117043050814865 7.629142803146464
0.3117043050814865 7.619093398250888
0.3118118720253834 7.320956141282867
0.3119194389692803 7.60680096880221
0.3119194389692803 7.5984264647225634
0.31194095235805974 7.347525340149829
0.3119194389692803 7.334350436077704
0.3119194389692803 7.325417631726081
0.3120270059131773 7.646993676651916
0.3120270059131773 7.63694427175634
0.3120270059131773 7.626894866860764
0.3120270059131773 7.6168454619651875
0.31226903153694535 7.6076224560792305
0.31224213980097115 7.597853429252793
0.31224213980097115 7.352201309583156
0.31224213980097115 7.342151904687581
0.31224213980097115 7.332102499792004
0.31224213980097115 7.322053094896429
0.31234970674486806 7.644745740366217
0.31234970674486806 7.63469633547064
0.31234970674486806 7.624646930575064
0.31234970674486806 7.615155825951464
0.3125379488966877 7.601748023891983
0.31256484063266193 7.352186574385362
0.31256484063266193 7.342137169489787
0.31256484063266193 7.33208776459421
0.31256484063266193 7.3220383596986345
0.31267240757655884 7.6436144046244685
0.31267240757655884 7.633564999728893
0.31267240757655884 7.623515594833317
0.31267240757655884 7.613466189937741
0.31267240757655884 7.594483980690542
0.3129090548531321 7.604745899883193
0.3128875414643527 7.352171839187568
0.3128875414643527 7.342122434291992
0.3128875414643527 7.332073029396416
0.3128875414643527 7.32202362450084
0.3129951084082496 7.640249867794816
0.3129951084082496 7.63020046289924
0.3129951084082496 7.620151058003664
0.3129951084082496 7.591677744132865
0.3132371340320177 7.610928052117707
0.3132102422960435 7.598925824203363
0.3132102422960435 7.352157103989774
0.3132102422960435 7.342107699094198
0.3132102422960435 7.332058294198623
0.3132102422960435 7.322008889303046
0.3133178092399404 7.638001931509116
0.3133178092399404 7.627952526613541
0.3133178092399404 7.618461421989941
0.31334470097591466 7.592080506205904
0.3135329431277343 7.60672729281324
0.3135329431277343 7.3554921704238385
0.3135329431277343 7.345442765528263
0.3135329431277343 7.335393360632686
0.3135329431277343 7.321994154105251
0.3136405100716312 7.635753995223416
0.3136405100716312 7.625704590327841
0.3136405100716312 7.6156551854322645
0.3136405100716312 7.594998075369136
0.3137480770155281 7.365531751854219
0.31385564395942506 7.355477435226044
0.31385564395942506 7.345428030330469
0.31385564395942506 7.335378625434893
0.31385564395942506 7.325329220539317
0.31396321090332197 7.633506058937717
0.31396321090332197 7.6234566540421405
0.31396321090332197 7.613407249146564
0.31396321090332197 7.603357844250988
0.31396321090332197 7.593308439355413
0.31407077784721893 7.365517016656424
0.31417834479111584 7.35546270002825
0.31417834479111584 7.3454132951326745
0.31417834479111584 7.335363890237098
0.31417834479111584 7.325314485341522
0.31428591173501275 7.6301415221080635
0.31428591173501275 7.620092117212488
0.31428591173501275 7.610042712316912
0.31428591173501275 7.599993307421336
0.31428591173501275 7.591618803341689
0.3143934786789097 7.36550228145863
0.3145010456228066 7.375546774621609
0.3145010456228066 7.355447964830456
0.3145010456228066 7.34539855993488
0.3145010456228066 7.335349155039305
0.3145010456228066 7.325299750143728
0.3146086125667036 7.627893585822364
0.3146086125667036 7.617844180926788
0.3146086125667036 7.607794776031212
0.3146086125667036 7.597745371135636
0.3146086125667036 7.590487467599942
0.3147161795106005 7.3654875462608365
0.3148237464544974 7.375532039423815
0.3148237464544974 7.355433229632663
0.3148237464544974 7.345383824737087
0.3148237464544974 7.3353344198415105
0.3148237464544974 7.325285014945934
0.3149313133983943 7.624529048992711
0.3149313133983943 7.614479644097136
0.3149313133983943 7.604430239201559
0.3149044216624201 7.59326546169518
0.31503888034229127 7.365472811063042
0.3151464472861882 7.375517304226021
0.3151464472861882 7.355418494434868
0.3151464472861882 7.345369089539292
0.3151464472861882 7.335319684643716
0.3151464472861882 7.326945180564069
0.31525401423008514 7.621164512163059
0.31525401423008514 7.611115107267483
0.31525401423008514 7.601065702371907
0.31525401423008514 7.59101629747633
0.3153884729099563 7.364619397524134
0.3154906615066584 7.585869129162431
0.3154960398538532 7.375501341095077
0.3154960398538532 7.352890180080031
0.31546914811787896 7.340887952165686
0.31546914811787896 7.33083854727011
0.31536158117398205 7.326935357098874
0.31557671506177587 7.618916575877359
0.31557671506177587 7.608867170981783
0.31557671506177587 7.598817766086206
0.315818740685544 7.5877802843163265
0.315818740685544 7.377998957121177
0.31579184894956974 7.366555029478809
0.31579184894956974 7.356505624583233
0.31579184894956974 7.346456219687657
0.31579184894956974 7.336406814792081
0.3157380654776213 7.329430517258674
0.3158994158934667 7.614435438503753
0.3158994158934667 7.604386033608177
0.3158994158934667 7.594894928984577
0.3161414415172348 7.58567192309862
0.3161145497812605 7.385522503528214
0.3161145497812605 7.375473098632638
0.3161145497812605 7.365423693737062
0.3161145497812605 7.355374288841485
0.3161145497812605 7.34532488394591
0.3161145497812605 7.331925677418475
0.3162221167251575 7.6110709016741005
0.3162221167251575 7.601021496778524
0.3162221167251575 7.591530392154924
0.31643725061295136 7.585658415833976
0.31643725061295136 7.38550776833042
0.31643725061295136 7.375458363434844
0.31643725061295136 7.365408958539268
0.31643725061295136 7.355359553643692
0.31643725061295136 7.345310148748116
0.31641573722417193 7.332581884893573
0.31654481755684827 7.607706364844447
0.31654481755684827 7.597656959948871
0.31678684318061634 7.587736078722944
0.3167599514446421 7.385493033132626
0.3167599514446421 7.37544362823705
0.3167599514446421 7.3653942233414735
0.3167599514446421 7.355344818445897
0.3167599514446421 7.345295413550321
0.3167599514446421 7.335246008654746
0.31686751838853905 7.604341828014794
0.31686751838853905 7.594850723391195
0.3171041656651123 7.5844555325207175
0.3170826522763329 7.573625489590894
0.3170826522763329 7.3854782979348315
0.3170826522763329 7.375428893039256
0.3170826522763329 7.365379488143679
0.3170826522763329 7.355330083248104
0.3170826522763329 7.345280678352528
0.3170826522763329 7.3363478740009045
0.31719021922022983 7.598744090097236
0.31740535310802365 7.586451660648558
0.31740535310802365 7.576402255752982
0.31740535310802365 7.385463562737037
0.31740535310802365 7.375414157841462
0.31740535310802365 7.365364752945886
0.31740535310802365 7.3553153480503095
0.3174322448439979 7.343589814405655
0.31735156963607525 7.336893894941386
0.3175129200519206 7.595379553267583
0.3177549456756887 7.58392334629372
0.3177280539397145 7.574154319467283
0.3177280539397145 7.385448827539243
0.3177280539397145 7.375399422643667
0.3177280539397145 7.365350017748091
0.3177280539397145 7.355300612852515
0.3177280539397145 7.34190140632508
0.3178356208836114 7.591456716165954
0.31807226816018463 7.5810615252954765
0.31805075477140526 7.570231482365653
0.31805075477140526 7.385434092341449
0.31805075477140526 7.375384687445873
0.31805075477140526 7.365335282550298
0.31805075477140526 7.355285877654721
0.31805075477140526 7.3452364727591455
0.31837345560309604 7.581941052879364
0.3183465638671218 7.570497125236996
0.31840034733907024 7.384580678802541
0.31837345560309604 7.373136751160174
0.31837345560309604 7.363087346264598
0.31837345560309604 7.353037941369022
0.31831967213114754 7.346061643835615
0.3185079142829672 7.563790154374383
0.3186961564347868 7.5774599155057585
0.318723048170761 7.387915745236606
0.3186961564347868 7.376471817594238
0.3186961564347868 7.366422412698662
0.3186961564347868 7.356373007803086
0.31864237296283837 7.34939671026968
0.318830615114658 7.567125220808447
0.31880372337868373 7.556239593438056
0.3190188572664776 7.392089490011784
0.3190188572664776 7.382040085116209
0.3190188572664776 7.371990680220632
0.3190188572664776 7.361941275325057
0.3190188572664776 7.353008470973434
0.3191264242103745 7.570740665311649
0.3191264242103745 7.560691260416073
0.3191264242103745 7.5534333568803795
0.3192339911542714 7.522163629917101
0.3192339911542714 7.402129071442165
0.3193415580981684 7.39207475481399
0.3193415580981684 7.382025349918415
0.3193415580981684 7.371975945022838
0.3193415580981684 7.358576738495403
0.3194491250420653 7.564026326850138
0.3194491250420653 7.555093522498515
0.31955669198596226 7.519357393359424
0.31955669198596226 7.510982889279777
0.31955669198596226 7.40211433624437
0.31966425892985917 7.392060019616196
0.31966425892985917 7.38201061472062
0.31966425892985917 7.371961209825044
0.31966425892985917 7.362470105201444
0.3197449341377819 7.556196615777823
0.31987939281765304 7.51934265816163
0.31987939281765304 7.509293253266054
0.31987939281765304 7.495894046738619
0.31987939281765304 7.402099601046576
0.31998695976154995 7.392045284418402
0.31998695976154995 7.381995879522826
0.3200084731503293 7.369265650975244
0.31987939281765304 7.363576882280201
0.3200945267054469 7.553389151286996
0.3202020936493438 7.519327922963836
0.3202020936493438 7.5092785180682595
0.3201805802605644 7.496550254213716
0.3202020936493438 7.4020848658487814
0.320336552329215 7.391191870879494
0.32030966059324073 7.379747943237126
0.3202558771212923 7.371934195295755
0.32041722753713764 7.487494983995982
0.3205247944810346 7.519313187766041
0.3205247944810346 7.509263782870466
0.3205247944810346 7.499214377974889
0.320546307869814 7.404079029283583
0.3206054696889573 7.47743698356836
0.32065925316090577 7.387827334049842
0.32056065012900026 7.376386680895872
0.3207399283688285 7.489155149614118
0.3207399283688285 7.469614640094942
0.3208474953127254 7.519298452568248
0.3208474953127254 7.509249047672672
0.3208474953127254 7.4991996427770955
0.32087438704869964 7.462350596893501
0.32086900870150475 7.413443738654994
0.3208474953127254 7.399822194365289
0.3209550622566223 7.479095921253346
0.3209550622566223 7.448947706566617
0.3209550622566223 7.438898301671042
0.3209550622566223 7.428848896775465
0.3209550622566223 7.386976376377232
0.3208474953127254 7.380281684846112
0.3210626292005192 7.489140414416323
0.32117019614441616 7.519283717370453
0.32117019614441616 7.509234312474877
0.32117019614441616 7.499184907579301
0.32117019614441616 7.469036692892573
0.32117019614441616 7.458987287996997
0.32117019614441616 7.418789668414693
0.32117019614441616 7.4087402635191175
0.32117019614441616 7.3986908586235405
0.32130465482428733 7.479917408530366
0.32130465482428733 7.449769193843638
0.3212777630883131 7.437766965929294
0.3212777630883131 7.4277175610337185
0.3212777630883131 7.3914280433552495
0.32141222176818424 7.489961901693345
0.32149289697610695 7.5125693789089425
0.32149289697610695 7.5025199740133655
0.3215144103648863 7.465671173716401
0.3215144103648863 7.415424149238521
0.32149289697610695 7.402584225329582
0.3216273556559781 7.450591909053809
0.32160046392000385 7.438868831275453
0.32160046392000385 7.428819426379877
0.32149289697610695 7.395326321793888
0.3217080308639008 7.4899483944286995
0.3217080308639008 7.4779449385812065
0.32176181433584927 7.502507694681871
0.3218155978077977 7.464819970457162
0.3218371111965771 7.413399533061611
0.3217080308639008 7.4053659032242685
0.3219231647516947 7.4497409513812
0.3219231647516947 7.437737495533706
0.3219231647516947 7.42768809063813
0.3219769482236431 7.492448466321099
0.3220307316955916 7.482396605559224
0.3220307316955916 7.4723472006636475
0.32215981202826793 7.4589421000570955
0.32208451516754005 7.421260269911504
0.32226737897216484 7.441518219838832
0.32219208211143696 7.430467312666517
0.3222458655833854 7.47568717883031
0.3223534325272824 7.465632862202137
0.3223534325272824 7.45558345730656
