0.2797261893315569 7.592239786677298
0.2797031392721504 7.573936565988769
0.2797031392721504 7.560537359461335
0.2797031392721504 7.547138152933901
0.2798429762992164 7.609940548278873
0.279821462910437 7.530886212113527
0.2799505432431133 7.626684644705568
0.2799505432431133 7.518151071833348
0.2801656771309072 7.641413948420551
0.280043767927824 7.586482768288346
0.2801334070477381 7.56721731579466
0.2801334070477381 7.553818109267226
0.2801334070477381 7.540418902739791
0.28016926269570375 7.503848597681134
0.28018719051968655 7.609087380326595
0.2803843965834976 7.654579847649579
0.2803592976299217 7.627670920611253
0.2803843965834976 7.5278456859109255
0.2803843965834976 7.487927216464609
0.2804561078794289 7.549616122029608
0.2805744315177155 7.508743139215074
0.2805744315177155 7.472565281591001
0.28067124176722275 7.670199157311324
0.2807557586517132 7.647943044395507
0.2806174582952743 7.532859746271418
0.28077880871111965 7.490142407866323
0.2808863756550166 7.458872680903044
0.2809939425989135 7.683583628640965
0.2810297982468792 7.477569191037457
0.28110150954281043 7.662084156437274
0.28123212654611385 7.445736836799675
0.2813396934900108 7.696967047456478
0.2814472604339077 7.673513524300869
0.28142421037450127 7.47503883012737
0.28142421037450127 7.461639623599936
0.2815548273778047 7.426580377991259
0.2816393442622951 7.6634553484542245
0.28167519991026074 7.4468332056831645
0.2817699612655985 7.71034660705352
0.28174691120619205 7.691923750592426
0.2818903337980546 7.6760056438643
0.28185447815008896 7.464132327893438
0.28196204509398587 7.424348521782518
0.28210546768584843 7.447371859024749
0.28206961203788283 7.409269502706556
0.28220022904118625 7.722769080470031
0.28217717898177974 7.704465859781504
0.28217717898177974 7.691066653254069
0.28230779598508315 7.6734742304400845
0.28241536292898006 7.4255839979499445
0.28241536292898006 7.399742671075606
0.2824998798134705 7.445678948522627
0.28263049681677394 7.733755924615746
0.28260744675736743 7.715333068154652
0.28260744675736743 7.701933861627217
0.28260744675736743 7.688534655099783
0.28272577039565405 7.673790125013746
0.2828225806451613 7.432265006797397
0.2828225806451613 7.4188658002699635
0.2828225806451613 7.405466593742529
0.2827995305857548 7.388240095007097
0.2829301475890582 7.445659301592235
0.2830607645923616 7.742828596400399
0.2830377145329552 7.724525375711871
0.2830377145329552 7.711126169184436
0.2830377145329552 7.6977269626570015
0.2830377145329552 7.6843277561295675
0.28318113712481774 7.379210108517642
0.2832758984801555 7.4312872211723455
0.28325284842074905 7.412984000483818
0.28325284842074905 7.399584793956384
0.28325284842074905 7.387023037836913
0.28349103236794937 7.751901268185052
0.28346798230854287 7.733717683269091
0.28346798230854287 7.720318476741656
0.28346798230854287 7.706919270214221
0.28346798230854287 7.694776239298733
0.28334248754066316 7.681801488329978
0.2835985993118463 7.370018970420565
0.28368311619633674 7.4205014072251085
0.28368311619633674 7.407102200697674
0.28368311619633674 7.393702994170239
0.28368311619633674 7.381978688458734
0.2839341057320962 7.762728013237274
0.2838982500841306 7.746259792458169
0.2838982500841306 7.732860585930734
0.2838982500841306 7.719461379403299
0.2838982500841306 7.706480898079846
0.28379068314023365 7.696855130120851
0.28392130014353706 7.358997744146664
0.284059600499976 7.4188093153450865
0.2841133839719244 7.404570202543387
0.2841133839719244 7.391170996015953
0.2841133839719244 7.377771789488518
0.2843515679191248 7.768610982483561
0.2843285178597183 7.7504273975675995
0.2843285178597183 7.737028191040165
0.2843285178597183 7.7257226105326415
0.28416716744387294 7.7169367488479095
0.28416716744387294 7.705212443136404
0.28436437350768395 7.3657568729316285
0.2843285178597183 7.348451201744559
0.28454365174751217 7.397850952349279
0.28454365174751217 7.384451745821844
0.28457592183068126 7.338725480027193
0.2847818356947125 7.7752909388168865
0.284758785635306 7.757107353900925
0.284758785635306 7.74370814737349
0.284758785635306 7.730308940846055
0.2845974352194606 7.725291605997164
0.28479464128327164 7.370761928449024
0.284758785635306 7.3534562572619535
0.28497391952309986 7.389456801339239
0.28497391952309986 7.336906788239456
0.2852249090588594 7.785001083325156
0.28518905341089373 7.768812012682038
0.28518905341089373 7.755412806154603
0.285178296716504 7.7426840511268
0.2850277029950483 7.733646463146419
0.2852249090588594 7.37576698396642
0.28518905341089373 7.35846131277935
0.2852249090588594 7.325240809352552
0.2854400429466532 7.3456089458144955
0.2856423712458879 7.788650851483537
0.2856193211864814 7.770467266567575
0.2856193211864814 7.75706806004014
0.2856193211864814 7.747018655144565
0.2856193211864814 7.37854047564011
0.2856193211864814 7.365141269112675
0.2856270045396169 7.327336014143656
0.28575915821354747 7.314552879219232
0.28587031072224095 7.353405502691775
0.2860726390214756 7.795330807816862
0.28604958896206917 7.777147222900901
0.28604958896206917 7.763748016373466
0.2860173188789001 7.75035028336581
0.28604958896206917 7.374333576669894
0.28608185904523825 7.336311854628519
0.28618942598913516 7.322237776042115
0.2861571559059661 7.307332632300123
0.28630057849782864 7.363435260656958
0.28628265067384584 7.3461287708477885
0.28650290679706336 7.801053677969656
0.28647985673765686 7.782989728826261
0.28647985673765686 7.769590522298826
0.28647985673765686 7.7561913157713915
0.28647985673765686 7.746560636079797
0.28661047374096027 7.33255508086711
0.28658742368155377 7.314012588633448
0.2865551535983847 7.299777405217828
0.28669499062545073 7.36592960219466
0.28669499062545073 7.352530395667225
0.2869459801612102 7.8083711070265975
0.2869101245132446 7.79218203638348
0.2869101245132446 7.778782829856045
0.2869101245132446 7.765383623328611
0.28687426886527895 7.750869453501423
0.2870176914571415 7.338279003534032
0.2870176914571415 7.324879797006597
0.2870176914571415 7.311480590479162
0.286994641397735 7.294014820198599
0.2871252584010384 7.364235054448338
0.2871252584010384 7.350835847920903
0.2873634423482388 7.811063789004448
0.2873403922888323 7.792999839861053
0.2873403922888323 7.779600633333618
0.2873403922888323 7.766201426806183
0.2873403922888323 7.756152021910607
0.2871790418729869 7.748622335837823
0.2873634423482388 7.287298376708831
0.2874710092921357 7.337779760999245
0.2874479592327292 7.3189979972204515
0.2874479592327292 7.305598790693017
0.28755552617662616 7.357515804254229
0.28780293014758906 7.8192746622209715
0.28777066006442 7.804704498642166
0.28777066006442 7.791305292114731
0.2877168765924715 7.78042089267749
0.2877168765924715 7.768696586965984
0.2877937101238265 7.292303432226227
0.28777066006442 7.2766920164204425
0.2879012770677234 7.34350263115204
0.28787822700831694 7.324840503145813
0.28787822700831694 7.311441296618378
0.28822397789941423 7.82107390003924
0.28814714436805927 7.803849857170109
0.28814714436805927 7.790450650642674
0.2880395774241623 7.783755959111554
0.2882009278400077 7.29467755326129
0.28816865775683864 7.27926993927452
0.28830849478390463 7.348269467638431
0.28830849478390463 7.334870261110996
0.28830849478390463 7.3214710545835615
0.28830849478390463 7.308071848056127
0.28830849478390463 7.268711678881788
0.2886311956155954 7.830626167428286
0.2886311956155954 7.813039708861028
0.2886311956155954 7.294657906330898
0.2886311956155954 7.281258699803463
0.2887387625594924 7.348249820708039
0.2887387625594924 7.3348506141806045
0.2887387625594924 7.32145140765317
0.2887387625594924 7.308052201125735
0.2887387625594923 7.263248604299625
0.2890937334743522 7.832614927957231
0.28903841333177666 7.815054922578393
0.28906146339118316 7.2946382594005055
0.28906146339118316 7.281239052873071
0.28906146339118316 7.348235085510245
0.28906146339118316 7.33483587898281
0.28916903033508007 7.320594310314813
0.28916903033508007 7.307195103787378
0.28920130041824915 7.269173381746002
0.28916903033508007 7.254854453289586
0.2895275868147365 7.835051638499114
0.28949173116677085 7.818862567855996
0.28938416422287394 7.812167876324877
0.28951478122617735 7.2912677583241265
0.28959929811066776 7.309687808080881
0.28963156819383684 7.271163615794726
0.2895670280274987 7.255087515001363
0.2897068650545647 7.246036665342967
0.2899578545903242 7.838381793200581
0.28992199894235854 7.822192722557463
0.28992199894235854 7.811305867253923
0.28994504900176504 7.291248111393735
0.2900618359694246 7.271143968864333
0.2900295658862555 7.256071335040749
0.2901694029133215 7.242330763097751
0.29038812236591194 7.841711947902047
0.2903522667179463 7.82552287725893
0.29031641106998063 7.812125307975695
0.2903522667179463 7.2862048145296825
0.2904921037450123 7.271124321933941
0.2904598336618432 7.256051688110357
0.2905674006057401 7.240972669034394
0.29069289537361986 7.2320341343280745
0.2908183901414996 7.8450421026035135
0.290782534493534 7.828853031960396
0.2907466788455684 7.814338862133208
0.2908901014374309 7.272781049339258
0.2908901014374309 7.259381842811823
0.29102993846449693 7.244301350216082
0.29113750540839384 7.228887350976933
0.2912486579170873 7.84837225730498
0.2912128022691217 7.8321831866618625
0.2912128022691217 7.8187839801344285
0.29110523532522475 7.812089288603309
0.2913203692130186 7.260199646289395
0.2914602062400846 7.246291584264805
0.291527819747677 7.227768879296754
0.2916753401278785 7.85259585616603
0.2916430700447094 7.838025692587223
0.2916430700447094 7.824626486059788
0.29158928657276095 7.814300386894523
0.2917506369886063 7.218726204164753
0.2918582039325033 7.245938430691006
0.29199804095956927 7.230857938095265
0.2920733378202971 7.857267405040019
0.2920733378202971 7.843868198512584
0.2920733378202971 7.830468991985149
0.2920733378202971 7.817069785457715
0.2922167604121597 7.216332143834261
0.2923960386519879 7.234189566316511
0.29250360559588484 7.860597559741485
0.29250360559588484 7.847198353214051
0.29250360559588484 7.833799146686616
0.29250360559588484 7.816212688119357
0.29261885589291725 7.220780185485838
0.29275100956684774 7.208044904870439
0.29295692343087903 7.857705601755372
0.29293387337147253 7.839641652611976
0.29293387337147253 7.8262424460845414
0.2929016032883035 7.814687103974409
0.2930414403153695 7.226623042249241
0.2931490072592664 7.212939773853219
0.2932888442863324 7.202660663596475
0.2933964112302293 7.862566673340037
0.2933641411470603 7.847996509761231
0.2933641411470603 7.834597303233796
0.29334109108765377 7.81820825490633
0.2935792750348541 7.219061429914568
0.29368684197875106 7.202865810294654
0.29379440892264796 7.867238222214026
0.29379440892264796 7.853839015686591
0.29379440892264796 7.8404398091591565
0.29379440892264796 7.827040602631722
0.29379440892264796 7.815316296920217
0.29377648109866517 7.195045513376485
0.29411710975433875 7.210662367171931
0.29424772675764216 7.864346264227913
0.2942246766982357 7.846282315084517
0.2942246766982357 7.832883108557082
0.2942246766982357 7.819483902029647
0.2940633262823903 7.815304017588722
0.29422467669823565 7.194955260289996
0.29457042758933294 7.18886795712033
0.2946549444738234 7.8705487299851
0.2946549444738234 7.857149523457665
0.2946549444738234 7.843750316930231
0.2946549444738234 7.8303511104027965
0.2946549444738234 7.816951903875362
0.2946549444738234 7.206450556469118
0.2949776453055142 7.188011912296101
0.2951082623088176 7.867656771998988
0.2950852122494111 7.849592822855591
0.2950852122494111 7.836193616328157
0.2950852122494111 7.822794409800722
0.2949776453055142 7.8144248174536735
0.2950672844254283 7.2028027763929785
0.2953233961966114 7.180459070912496
0.29551548002499883 7.873859237756175
0.29551548002499883 7.86046003122874
0.29551548002499883 7.847060824701305
0.29551548002499883 7.8336616181738705
0.29551548002499883 7.8210998620544006
0.29551548002499883 7.195524407304793
0.29575366397219915 7.181157238617503
0.295968797859993 7.870967279770062
0.2959457478005865 7.852903330626666
0.2959457478005865 7.839504124099231
0.29591347771741744 7.827278821662727
0.2961608816883804 7.187120432829558
0.2961608816883804 7.174139951506106
0.29637601557617427 7.877169745527249
0.29637601557617427 7.863770538999814
0.29637601557617427 7.850371332472379
0.29637601557617427 7.831947423497157
0.2965911494639681 7.1845884346752715
0.296558879380799 7.170018271096466
0.29683855343493104 7.875808704424334
0.29680628335176196 7.8612385408455285
0.29680628335176196 7.847839334318094
0.29673098649103413 7.833271135432327
0.29702141723955583 7.179544085297092
0.29698914715638675 7.165643882044658
0.29723655112734965 7.880480253298323
0.29723655112734965 7.867081046770889
0.29723655112734965 7.853681840243454
0.29723655112734965 7.841957534531948
0.2974516850151435 7.177012087142805
0.2974839550983126 7.1619365062796625
0.2976668189029374 7.880460606367931
0.2976668189029374 7.867061399840496
0.2976668189029374 7.853662193313062
0.2976668189029374 7.841937887601556
0.2978819527907312 7.171130287356661
0.2978819527907312 7.158149806033208
0.2980970866785251 7.880440959437539
0.2980970866785251 7.867041752910104
0.2980970866785251 7.85364254638267
0.29798951973462817 7.841923152403763
0.29831222056631895 7.169435739610339
0.29832297726070867 7.1545286311753085
0.2985273544541128 7.883771114139006
0.2985273544541128 7.870371907611571
0.29849508437094374 7.856304214277545
0.29874248834190664 7.1669037414560535
0.2987783439898723 7.150711396324537
0.2989576222297005 7.883751467208613
0.2989576222297005 7.870352260681179
0.2989576222297005 7.858627954969673
0.2991727561174944 7.1668840945256616
0.2991727561174944 7.148878910754421
0.2993878900052882 7.883731820278221
0.2994201600884573 7.868321259251893
0.29933410653333975 7.858610763905581
0.2996030238930821 7.161839745147481
0.2995671682451164 7.146208974776339
0.29981815778087595 7.8837121733478295
0.29981815778087595 7.865288264372607
0.29994877478417936 7.14196441918954
0.30003329166866977 7.160145197401159
0.30024842555646364 7.883692526417438
0.30024842555646364 7.865268617442215
0.3003559925003606 7.1417065532281425
0.3004635594442575 7.1601255504707675
0.3006786933320514 7.883672879487046
0.3006786933320514 7.865248970511822
0.3007539901927792 7.144703201286203
0.30089382721984526 7.160105903540375
0.30089382721984526 7.134982391301435
0.30114123119080816 7.882311838384131
0.30108591104823257 7.864751833005293
0.301216528051536 7.146691961815146
0.30132409499543295 7.160086256609983
0.30132409499543295 7.133287843555114
0.3015392288832268 7.88698338725812
0.3015392288832268 7.873584180730685
0.3015392288832268 7.861441149815198
0.3016467958271237 7.146672314884754
0.30175436277102063 7.160066609679591
0.30177741283042714 7.129678070933602
0.3019694966588145 7.886963740327728
0.3019694966588145 7.873564533800293
0.3019694966588145 7.860165327272858
0.3020770636027114 7.146652667954362
0.3021846305466084 7.160046962749199
0.3021846305466084 7.128642572450524
0.3023997644344022 7.886944093397336
0.3023997644344022 7.873544886869901
0.3023997644344022 7.860145680342466
0.3025303814377056 7.148546140870904
0.30260721496906057 7.127965279609059
0.30283003220998994 7.884412095243049
0.30283003220998994 7.871012888715614
0.30283003220998994 7.858869857800126
0.30293759915388685 7.153312977357295
0.30304516609778376 7.139908859097263
0.30304516609778376 7.122322400530004
0.30326029998557763 7.883554997904692
0.30326029998557763 7.8701557913772575
0.30326029998557763 7.8584314856657524
0.3033678669294746 7.153293330426903
0.3034754338733715 7.13988921216687
0.3034754338733715 7.1216746657936385
0.3036905677611653 7.8835353509743005
0.3036905677611653 7.870136144446866
0.3036905677611653 7.8584118387353605
0.3037981347050623 7.153273683496511
0.3039057016489592 7.139869565236478
0.30388265158955274 7.122164523410782
0.30412083553675306 7.883515704043909
0.30412083553675306 7.870116497516474
0.30414388559615957 7.853127165297919
0.30422840248065 7.1532540365661195
0.30422840248065 7.114731317799745
0.30433596942454694 7.139849918306085
0.30433596942454694 7.126450711778651
0.3045511033123408 7.883496057113516
0.3045511033123408 7.870096850586082
0.3045511033123408 7.852510392018823
0.3046945259042033 7.149882950759668
0.3044973198403923 7.114719038468249
0.3048200206720831 7.144294217685206
0.3049813710879285 7.883476410183124
0.3049813710879285 7.870077203655689
0.3049813710879285 7.852490745088431
0.30519650497572237 7.145672777301055
0.3054116388635162 7.883456763252732
0.3054116388635162 7.870057556725297
0.3054116388635162 7.8524710981580395
0.30562677275131006 7.149002932002521
0.30562677275131006 7.135603725475086
0.30562677275131006 7.122204518947651
0.30562677275131006 7.109224037624199
0.30584190663910393 7.880924765098445
0.30584190663910393 7.86752555857101
0.30580963655593485 7.852955394992205
0.30605704052689775 7.1431211322163755
0.30605704052689775 7.1297219256889415
0.3060339904674913 7.1120168838632445
0.3062721744146916 7.8800676677600885
0.3062721744146916 7.8666684612326545
0.3062721744146916 7.85326925470522
0.30640279141799504 7.106736069644274
0.3064873083024855 7.138076782838196
0.3064873083024855 7.124677576310761
0.3067024421902793 7.880048020829697
0.3067024421902793 7.866648814302262
0.3067024421902793 7.853249607774828
0.3068100091341763 7.107285745147701
0.3069175760780732 7.134707334275944
0.3068996482540904 7.121867246642587
0.30713270996586706 7.880028373899305
0.30713270996586706 7.86662916737187
0.30713270996586706 7.853229960844435
0.30724027690976397 7.107056735615317
0.3073478438536609 7.127988084081836
0.30756297774145475 7.876658925337054
0.30756297774145475 7.863259718809619
0.30756297774145475 7.851535413098114
0.30769359474475816 7.115769447568143
0.3076705446853517 7.099918760217225
0.3079932455170425 7.876639278406661
0.3079932455170425 7.863240071879227
0.3079932455170425 7.851515766167721
0.3081008124609394 7.122928999505861
0.3080685423777703 7.107521385519091
0.3082406494880054 7.099139022667288
0.3084235132926302 7.875782181068304
0.3084235132926302 7.8623829745408695
0.3084235132926302 7.8510773940333465
0.3085310802365271 7.117884650127682
0.30863864718042405 7.104480531867648
0.30877848420749004 7.096099642535625
0.3088537810682179 7.873250182914019
0.3088537810682179 7.854826273938796
0.30906891495601174 7.116185190648762
0.30917648189990865 7.097965732542932
0.3092840488438056 7.873230535983627
0.3092840488438056 7.854806627008404
0.3094991827315995 7.1161655437183695
0.3096067496754964 7.09983034903046
0.3097143166193933 7.87069853782934
0.3096820465362242 7.855793394087349
0.3098541536464593 7.849755892377846
0.3099294505071872 7.094651336316884
0.31003701745108414 7.1111162826075915
0.31014458439498105 7.869841440490983
0.31025215133887796 7.852250070191127
0.31038276834218137 7.092437314375314
0.31046728522667183 7.10942173486127
0.31057485217056874 7.867309442336698
0.3106824191144657 7.8530678736687
0.3107899860583626 7.091820541096218
0.3108975530022595 7.109402087930878
0.3110051199461564 7.866452344998341
0.3111126868900534 7.8530482267383075
0.3112202538339503 7.093685157583746
0.3113098929538644 7.108266659078632
0.3114353877217442 7.863920346844054
0.3115429546656411 7.851353678991987
0.31165052160953804 7.092618697643399
0.31175808855343495 7.1060129924382345
0.3118656554973319 7.863063249505697
0.3120054925243979 7.852002518868186
0.31210383944453224 7.095469256740472
0.3124034902168165 7.859688889210849
0.3124034902168165 7.842102430643591
0.3125110571607135 7.099279007046331
0.3125110571607135 7.087554701334826
0.3128337579924042 7.857156891056563
0.3128014879092352 7.842586727477757
0.31294132493630117 7.099259360115939
0.31294132493630117 7.087535054404434
0.31326402576799195 7.856299793718206
0.31326402576799195 7.842900587190771
0.31337159271188886 7.099239713185547
0.31337159271188886 7.087515407474042
0.3136942935435797 7.852930345155955
0.3136942935435797 7.83953113862852
0.3138018604874766 7.827383195980435
0.3138018604874766 7.099220066255155
0.3138018604874766 7.08749576054365
0.3141245613191674 7.8503983470016685
0.3141245613191674 7.8369991404742345
0.3142321282630643 7.824432472622166
0.3142321282630643 7.099200419324763
0.3142321282630643 7.087476113613258
0.3145548290947551 7.848703799255348
0.3145548290947551 7.835304592727913
0.31469466612182107 7.8254162926615525
0.314662396038652 7.09918077239437
0.314662396038652 7.087456466682865
0.3149850968703428 7.846171801101061
0.3150926638142397 7.829836606413152
0.3150926638142397 7.099161125463978
0.3150926638142397 7.087436819752473
0.31543841470533696 7.8236595764140615
0.31552293158982747 7.842797440806212
0.31552293158982747 7.099141478533586
0.31552293158982747 7.0874171728220805
0.3158686824809247 7.832253705108449
0.3158456324215182 7.81430939173762
0.31595319936541516 7.099121831603194
0.31595319936541516 7.087397525891689
0.31627590019710594 7.837738356230238
0.31627590019710594 7.824339149702803
0.31626514350271623 7.8096005136958855
0.31638346714100285 7.099102184672802
0.31638346714100285 7.087377878961297
0.31662165108820317 7.803746009109464
0.31670616797269363 7.835206358075952
0.31670616797269363 7.8218071515485175
0.31683678497599704 7.097167312867219
0.3168137349165906 7.085683331214975
0.3170288688043844 7.805880858599394
0.3170288688043844 7.793319102479924
0.3171364357482814 7.831836909513701
0.3171364357482814 7.818437702986267
0.3172440026921783 7.105762494075735
0.3172440026921783 7.088176035508477
0.31745913657997216 7.802511410037144
0.31749499222793776 7.786039914769639
0.31756670352386906 7.829304911359415
0.31756670352386906 7.81590570483198
0.317674270467766 7.105742847145343
0.317674270467766 7.088156388578085
0.31791245441496635 7.805361969134217
0.31788940435555985 7.786580205355422
0.31788940435555985 7.774855899643917
0.3179969712994568 7.8259354627971645
0.3181275883027602 7.10285088915923
0.31807226816018463 7.086630804433136
0.31834272219055404 7.815391727099401
0.31831967213114754 7.7966099633206065
0.31831967213114754 7.7832107567931725
0.31831967213114754 7.7723239014896315
0.3185670761021105 7.107711960743895
0.31851175595953496 7.090151955365058
0.3187499399067353 7.820038927813226
0.3187499399067353 7.806639721285791
0.3187499399067353 7.793240514758356
0.3187499399067353 7.779841308230921
0.3187499399067353 7.767698277315434
0.3189973438776982 7.11439191707722
0.31896507379452915 7.099821753498414
0.31896507379452915 7.087678722582926
0.319180207682323 7.816669479250974
0.319180207682323 7.803270272723539
0.319180207682323 7.789871066196105
0.319180207682323 7.77647185966867
0.319180207682323 7.765166279161147
0.31941839162952335 7.125682259519088
0.31939534157011684 7.107339160239704
0.31939534157011684 7.093939953712269
0.31939534157011684 7.084727999224658
0.3196104754579107 7.8133000306887235
0.3196104754579107 7.7999008241612895
0.3196104754579107 7.786501617633855
0.3196104754579107 7.77310241110642
0.3196104754579107 7.762634281006861
0.3198256093457046 7.132443025548252
0.3198256093457046 7.119043819020817
0.3198256093457046 7.105644612493382
0.3198256093457046 7.092245405965947
0.3200407432334984 7.809930582126473
0.3200407432334984 7.796531375599038
0.3200407432334984 7.783132169071603
0.3200084731503293 7.768227025329612
0.3201805802605644 7.762189523620109
0.3202558771212923 7.13242337861786
0.3202558771212923 7.119024172090425
0.3202558771212923 7.10562496556299
0.3202558771212923 7.092225759035555
0.32047101100908615 7.806561133564222
0.32047101100908615 7.793161927036787
0.32047101100908615 7.7797627205093525
0.32061084803615214 7.766859598974319
0.32068614489687997 7.132403731687468
0.32068614489687997 7.119004525160033
0.32068614489687997 7.105605318632598
0.32068614489687997 7.092206112105163
0.32090127878467384 7.802354234594007
0.32090127878467384 7.788955028066572
0.32104111581173983 7.7768893569395035
0.3209857956691643 7.758085139525976
0.3211164126724677 7.132384084757076
0.3211164126724677 7.118984878229641
0.3211164126724677 7.105585671702206
0.3211164126724677 7.0930239155827355
0.3213315465602615 7.798984786031756
0.3214713835873275 7.786919114904688
0.3214391135041585 7.771344010836324
0.3214391135041585 7.758363529512871
0.3215466804480554 7.132364437826683
0.3215466804480554 7.118965231299248
0.3215466804480554 7.1055660247718135
0.3215466804480554 7.0938417190603085
0.3218693812797462 7.793935524920977
0.3218693812797462 7.780536318393543
0.3218693812797462 7.767137111866108
0.3218693812797462 7.75499408095062
0.3219769482236431 7.132344790896291
0.3219769482236431 7.1189455843688565
0.3219769482236431 7.105546377841422
0.3219769482236431 7.093822072129917
0.3222996490553339 7.789728625950762
0.3222996490553339 7.776329419423328
0.3222996490553339 7.762930212895893
0.3222996490553339 7.752462082796335
0.32240721599923083 7.132325143965899
0.32240721599923083 7.118925937438464
0.32243026605863734 7.101218790584511
0.3222458655833854 7.093809792798421
0.3227299168309216 7.786359177388511
0.3227299168309216 7.772959970861077
0.32269764674775253 7.758054827119085
0.3228697538579876 7.749002503940909
0.3228374837748185 7.132305497035507
0.3228374837748185 7.118906290508072
0.3228374837748185 7.100482381532849
0.3231601846065093 7.7813148280103315
0.3231601846065093 7.767915621482897
0.32326006819727077 7.752956589017543
0.32326775155040627 7.132285850105115
0.32326775155040627 7.11888664357768
0.32326775155040627 7.100881459806439
0.32351874108616574 7.744450637617892
0.32359045238209705 7.777107929040116
0.32373028940916304 7.765377238076233
0.32369801932599396 7.132266203174723
0.32369801932599396 7.118866996647288
0.32369801932599396 7.1012805380800295
0.32391315321378783 7.747782429563558
0.3241282871015817 7.771221217521373
0.3241641427495473 7.738000714094575
0.3241282871015817 7.132246556244331
0.3241282871015817 7.118847349716896
0.3240960170184126 7.10377471589331
0.3243792766373412 7.760322901508436
0.3245585548771694 7.741472081108235
0.3245585548771694 7.132226909313939
0.3245585548771694 7.118827702786504
0.3245585548771694 7.105428496259069
0.32477368876496326 7.764492143862068
0.3247844454593529 7.7328360272677426
0.32502467830072274 7.752477227305178
0.3249888226527571 7.132207262383546
0.3249888226527571 7.118808055856111
0.3249888226527571 7.107083750144605
0.3252398121885166 7.737672446632606
0.3254190904283448 7.7569256197947976
0.3254190904283448 7.132187615453154
0.3254513605115139 7.116777054426825
0.32536530695639637 7.107066559080513
0.3256664943993077 7.743180136119201
0.3256111742567322 7.7243759187056735
0.32586728602791537 7.75299705233847
0.3258493582039325 7.13551777015462
0.3258493582039325 7.122118563627186
0.3258493582039325 7.11039425791568
0.32610034773969204 7.740703804267692
0.32602863644376073 7.721166569236916
0.3263026760389267 7.133582898349038
0.32627962597952026 7.116236763841041
0.32611827556367484 7.1103819785841855
0.3264947598673141 7.744314746349347
0.3264947598673141 7.730915539821912
0.3264947598673141 7.719609959314389
0.32670989375510795 7.142178079557553
0.32670989375510795 7.128778873030119
0.32670989375510795 7.116217116910649
0.3269250276429018 7.7392703969711665
0.3269250276429018 7.725871190443732
0.3269250276429018 7.7145656099362085
0.3271760171786613 7.143273395926915
0.3271401615306957 7.127084325283798
0.3270863780587472 7.117037376254521
0.3273552954184895 7.733388597185021
0.32731943977052386 7.717199526541904
0.32760628495424904 7.711603425868545
0.32760269938945247 7.150846796419822
0.3275704293062834 7.1362766328410165
0.3275473792468769 7.120844670694082
0.32778556319407726 7.728344247806842
0.3280083804350066 7.71421705234077
0.3280006970818711 7.158868146925671
0.3280006970818711 7.145468940398236
0.3280006970818711 7.127045031423013
0.3280903362017852 7.704881719808137
0.3284309648574588 7.7199402733316065
0.3284632349406279 7.157507105822756
0.3284309648574588 7.142936942243949
0.3284079147980523 7.127504980097015
0.3285708018845248 7.706869661714981
0.32878952133711525 7.694242088378697
0.328884282692453 7.159306343641024
0.3288612326330465 7.141242394497628
0.3288289625498774 7.129687052387496
0.32896879957694347 7.71154121058897
0.3291916168178728 7.6976532866680305
0.3293145504680407 7.16263649834249
0.3292915004086342 7.144572549199095
0.32925923032546517 7.133017207088962
0.32961420124032503 7.703137236113735
0.3296034445459353 7.688398600106817
0.329754038267391 7.170847371559014
0.32972176818422194 7.156277207980208
0.32969871812481544 7.139888159652742
0.3298651907760845 7.678839713573364
0.3300444690159127 7.696417985919625
0.33015203595980963 7.175518920433003
0.33015203595980963 7.162119713905568
0.33015203595980963 7.143905167532337
0.3302954585516722 7.683565618954772
0.3302488462093169 7.664920518288218
0.33051059243946607 7.655640781890753
0.33061815938336303 7.173264435170506
0.3305823037353974 7.157075364527389
0.3305464480874317 7.1439569453801415
0.3306898706792943 7.686339110628461
0.3306898706792943 7.672939904101026
0.3309408602150538 7.660087537136173
0.33090500456708816 7.643200591153085
0.33101257151098507 7.628261147145117
0.33103562157039157 7.176914203328888
0.33101257151098507 7.158730618412926
0.330980301427816 7.147342766384385
0.331120138454882 7.678782410026387
0.33115240853805106 7.616307136072443
0.3313711279906415 7.6650925926535685
0.33133527234267585 7.647786921466498
0.3314751093697419 7.635051290013058
0.3314428392865728 7.1855093845374025
0.3314428392865728 7.172110178009968
0.3314428392865728 7.154314356840719
0.3315826763136388 7.61963729077391
0.3315504062304697 7.605904577603068
0.3317655401182636 7.667866084327258
0.3317655401182636 7.654466877799823
0.3319053771453296 7.641731246346383
0.33189615712156695 7.1845315989123515
0.3318731070621605 7.166228378223823
0.3318731070621605 7.156178973328247
0.3320129440892265 7.626317247107235
0.3319806740060574 7.610909633120465
0.3319806740060574 7.600860228224889
0.3321958078938513 7.660309383725184
0.3323356449209173 7.646401321700593
0.33233923048571384 7.194401257784042
0.3323033748377482 7.177933037004937
0.3322675191897826 7.163698017313736
0.3324432118648142 7.631657282787817
0.33241094178164515 7.615914688637861
0.33241094178164515 7.603352932518391
0.33273364261333593 7.651072870574582
0.33275669267274244 7.202198399391392
0.33273364261333593 7.183775542930297
0.33270137253016685 7.16970784959627
0.3328734796404019 7.636997318468398
0.33284120955723284 7.621757194563221
0.33280893947406376 7.606852050821229
0.33298104658429883 7.595454866500753
0.33294877650112975 7.581973388452301
0.3331531536945339 7.21423958202308
0.3331639103889236 7.199667453751234
0.3331639103889236 7.186268247223799
0.3331316403057546 7.173038004297737
0.3332714773328206 7.640161456608052
0.3332714773328206 7.626762250080617
0.3332714773328206 7.613363043553182
0.3334113143598866 7.5994549815285914
0.3333467741935484 7.5833788807352285
0.3333790442767175 7.242367601092235
0.3333790442767175 7.228968394564801
0.3336264482476804 7.216897811705135
0.33359417816451137 7.201322707636771
0.333604934858901 7.186080619038554
0.3335762503405285 7.177037464427896
0.3337017451084083 7.631767305598013
0.3337017451084083 7.618368099070578
0.33384158213547427 7.6054649775355445
0.3338093120523052 7.589889873467181
0.3338093120523052 7.579840468571605
0.3337985553579155 7.243688365987847
0.33382723987628804 7.2289479290123095
0.3340603015880647 7.255735699979883
0.3340603015880647 7.215538080397579
0.33402444594009906 7.198790709482485
0.3339885902921334 7.184834839927273
0.33413201288399597 7.6225357041800095
0.33427184991106196 7.608795132237011
0.33423957982789293 7.5932200281686475
0.33423957982789293 7.5798208216412135
0.33423957982789293 7.5685152411336905
0.33423957982789293 7.235628703967734
0.3344547137156868 7.262417293557407
0.3344547137156868 7.249018087029972
0.3344547137156868 7.222219673975103
0.3344547137156868 7.208820467447668
0.3344188580677211 7.1926313968045505
0.334551523965194 7.556190476112075
0.3346698476034806 7.610786839805513
0.3346698476034806 7.597387633278079
0.3346698476034806 7.583988426750644
0.3346698476034806 7.5705892202232095
0.3347057032514463 7.233374218705237
0.3348849814912745 7.279146654786309
0.3348849814912745 7.265747448258875
0.3348849814912745 7.25234824173144
0.3348849814912745 7.212150622149135
0.3348849814912745 7.199588866029665
0.3350155984945779 7.55693495443872
0.33510011537906836 7.600717787979546
0.33510011537906836 7.587318581452111
0.33510011537906836 7.573919374924676
0.33510011537906836 7.238939211738808
0.33510011537906836 7.225540005211374
0.3353152492668622 7.279127007855916
0.3353152492668622 7.265727801328482
0.3353152492668622 7.252328594801047
0.33529219920745573 7.208064411465614
0.3354458662701656 7.559308022959655
0.33553038315465605 7.590648736153577
0.33553038315465605 7.577249529626142
0.33556265323782514 7.237578170635894
0.33553038315465605 7.2230080070570875
0.33563795009855296 7.512760936480265
0.3357685671018564 7.278149222230865
0.3357455170424499 7.259846001542337
0.3357634448664327 7.2478417270727435
0.3357724087784241 7.215041176783078
0.33585308398634683 7.560067061065073
0.33596065093024374 7.57890478351168
0.3359965065782094 7.229965476282202
0.3360451678147342 7.513340520926834
0.33618654151242733 7.290476548370192
0.3361757848180376 7.274900461955308
0.3361757848180376 7.2615012554278735
0.3361757848180376 7.2481020489004395
0.3362833517619346 7.559419326328707
0.3363909187058315 7.568835731685712
0.3363909187058315 7.5035145998644674
0.336367868646425 7.230506819382114
0.3364984856497284 7.516908894659304
0.3365092423441181 7.488770069778432
0.3365215357091349 7.303477623886752
0.3366291026530318 7.279067014550612
0.3366060525936253 7.260644158089518
0.3366060525936253 7.247244951562083
0.33670286284313256 7.555757261296929
0.33671361953752227 7.339359584705599
0.33671361953752227 7.325960378178164
0.3368211864814192 7.5034949529340755
0.3368442365408257 7.483155819083663
0.3368211864814192 7.235092097181399
0.33692875342531614 7.516889247728912
0.33692875342531614 7.312551348185533
0.33692875342531614 7.299152141658098
0.3370721760171787 7.469427175634117
0.33703632036921305 7.285748023398066
0.33703632036921305 7.272348816870631
0.33703632036921305 7.258949610343196
0.33703632036921305 7.245969129019743
0.33703632036921305 7.5528947035387946
0.33714388731310996 7.339339937775206
0.33714388731310996 7.325940731247771
0.3372514542570069 7.503475306003683
0.3372514542570069 7.490076099476248
0.33735902120090383 7.51686960079852
0.33735902120090383 7.449873568161347
0.33735902120090383 7.436474361633912
0.33735902120090383 7.312531701255141
0.33735902120090383 7.299132494727706
0.33746658814480074 7.476667069483618
0.33746658814480074 7.463267862956183
0.33746658814480074 7.285728376467674
0.33746658814480074 7.272329169940239
0.3374435380853943 7.254863399659675
0.3375741550886977 7.339320290844814
0.3375741550886977 7.325921084317379
0.3376817220325946 7.503455659073291
0.3376817220325946 7.490056452545856
0.3377892889764915 7.516849953868128
0.3377892889764915 7.449853921230954
0.33777853228210186 7.4344453248976645
0.3378251446244572 7.3102772159926435
0.3377892889764915 7.294088145349526
0.3379291260035575 7.47798586968619
0.3378968559203885 7.462410765617826
0.3379291260035575 7.280347573406528
0.3378968559203885 7.267284820562058
0.33773550550454307 7.260592584897238
0.33804027851225105 7.424439798146631
0.3380366929474545 7.3413090513737576
0.3380044228642854 7.326738887794952
0.33811198980818236 7.504552612686852
0.33812991763216516 7.487802785905459
0.33811198980818236 7.407129215226962
0.33821955675207926 7.446484472668704
0.3382554124000449 7.314165670966086
0.33821955675207926 7.2965808496430276
0.3383271236959762 7.468811571815163
0.338345051519959 7.393440216476243
0.3382912680480105 7.279270266723359
0.3384346906398731 7.42414263832445
0.3384705462878388 7.3482121640914535
0.3384346906398731 7.331743943312348
0.3384884741118216 7.495602617271135
0.33854225758377005 7.483317555421355
0.33856914931974424 7.404595989139526
0.33854225758377005 7.379892430037718
0.33867287458707346 7.456513178119759
0.33864982452766695 7.438090321658665
0.3386677523516498 7.3113553412979115
0.33866058122205667 7.295388280968226
0.3387932471195295 7.368854538956787
0.3388649584154608 7.473253415327985
0.3388828862394436 7.419655770596146
0.3388828862394436 7.392857357541277
0.3388972284986299 7.35131916240855
0.3388649584154608 7.3359115484217785
0.3388828862394436 7.3236281238161975
0.3390800923032547 7.4564945837034955
0.3390800923032547 7.443095377176061
0.3390980201272375 7.430811952570479
0.33913387577520315 7.406245103359316
0.3390478222200856 7.3124545870533515
0.3392055870711344 7.372743812552331
0.33934900966299697 7.417959585605625
0.3393274962742176 7.3901572144077186
0.33931315401503137 7.351523490484627
0.33930598288543823 7.33488646982857
0.33913387577520315 7.325849864194708
0.3394027931349455 7.441405741162337
0.33945657660689393 7.429678979584533
0.33956414355079084 7.406225456428924
0.3395856569395702 7.367031794989657
0.339698602230662 7.385701781768042
0.33956414355079084 7.347603927871397
