0.2878244435363685 7.55765417242629
0.28795890221623965 7.581934094591517
0.2879320104802654 7.569931866677173
0.2879320104802654 7.521918043287199
0.28806646916013656 7.593653488570425
0.28806646916013656 7.514095699813781
0.28817403610403347 7.557638209295346
0.28817403610403347 7.504041383185607
0.2882547113119562 7.607044099565813
0.2882547113119562 7.576895884879084
0.2882547113119562 7.567683930391473
0.28838379164463246 7.591126647735367
0.2883622782558531 7.520781795812854
0.2883622782558531 7.491191881398102
0.28846984519975005 7.618758581812122
0.28846984519975005 7.558880877642649
0.28846984519975005 7.51072747918468
0.28846984519975005 7.5006780742891035
0.28849673693572425 7.483927838196661
0.28859892553242633 7.604516030797605
0.28859892553242633 7.574367816110877
0.28868497908754387 7.627123262426572
0.28868497908754387 7.588879693796186
0.28868497908754387 7.52076706061506
0.28868497908754387 7.471078336409156
0.28879254603144083 7.559284867648836
0.28879254603144083 7.510712743986886
0.28879254603144083 7.500663339091309
0.28879254603144083 7.490613934195734
0.28879254603144083 7.480564529300158
0.2889216263641171 7.6379993119183975
0.2889216263641171 7.617900502127245
0.28890011297533774 7.604502277946331
0.28890011297533774 7.594452873050755
0.2889216263641171 7.5777028825449415
0.2889216263641171 7.46514954771449
0.28900767991923465 7.520752325417266
0.289136760251911 7.564293852552311
0.2891152468631316 7.555082880411219
0.2891152468631316 7.510698008789092
0.2891152468631316 7.500648603893516
0.2891152468631316 7.4905991989979395
0.2891152468631316 7.480549794102364
0.289136760251911 7.455425299516904
0.2892443271958079 7.648033981616179
0.2892228138070285 7.634635757435264
0.2892228138070285 7.624586352539689
0.2892228138070285 7.614536947644113
0.2892228138070285 7.6044875427485366
0.2892228138070285 7.59443813785296
0.28916903033508007 7.584391188823684
0.2892228138070285 7.577689129693667
0.2892228138070285 7.47049547747419
0.28933038075092543 7.520737590219472
0.28935189413970486 7.445366071156132
0.28933038075092543 7.564285011433634
0.2894379476948224 7.510683273591297
0.2894379476948224 7.500633868695721
0.2894379476948224 7.490584463800145
0.2894379476948224 7.48053505890457
0.2894379476948224 7.4604362491134175
0.2895670280274987 7.658068651313962
0.2895455146387193 7.644670427133047
0.2895455146387193 7.634621022237471
0.2895455146387193 7.6245716173418945
0.2895455146387193 7.614522212446318
0.2895455146387193 7.604472807550742
0.2895455146387193 7.597773204287025
0.2895455146387193 7.470480742276395
0.28959929811066776 7.520725310887977
0.28965308158261627 7.450377020752645
0.289626189846642 7.438653942974289
0.28965308158261627 7.510673450126101
0.2897068650545647 7.500621589364226
0.2897606485265132 7.488336527514446
0.2897606485265132 7.47828712261887
0.28978754026248743 7.459582835574509
0.28978754026248743 7.430272071295746
0.2898897288591895 7.664753519379885
0.2898682154704101 7.65135529519897
0.2898682154704101 7.641305890303394
0.2898682154704101 7.6312564854078175
0.2898682154704101 7.621207080512242
0.2898682154704101 7.611157675616665
0.2898413237344359 7.601946949062204
0.2898682154704101 7.470466007078601
0.2899972958030864 7.445001620597358
0.29008334935820396 7.480505588508981
0.29008334935820396 7.460406778717829
0.29008334935820396 7.430258564031101
0.29008334935820396 7.420767459407502
0.2902178080380751 7.673950493083073
0.29019091630210087 7.6625065654407045
0.29019091630210087 7.652457160545129
0.29019091630210087 7.642407755649552
0.29019091630210087 7.632358350753977
0.29019091630210087 7.622308945858401
0.2901192050061696 7.612821115723199
0.29019091630210087 7.4704512718808065
0.29032537498197203 7.449508872015943
0.29029848324599783 7.438064944373576
0.2903199966347772 7.413163769896906
0.29029848324599783 7.480495765043785
0.290432941925869 7.460390815586885
0.290432941925869 7.427730249676264
0.2905405088697659 7.680635361148996
0.29051361713379165 7.669191433506628
0.29051361713379165 7.659142028611052
0.29051361713379165 7.649092623715476
0.29051361713379165 7.6390432188199
0.29051361713379165 7.628993813924324
0.2904598336618432 7.621180065982952
0.2906211840776886 7.443633211895546
0.29059429234171436 7.411811324326038
0.2907287510215855 7.461493908866194
0.2907287510215855 7.4514445039706185
0.2907556427575598 7.432740216926257
0.2907287510215855 7.42129628928389
0.2907556427575598 7.403429452647494
0.2908632097014567 7.687320229214919
0.2908363179654824 7.675876301572551
0.2908363179654824 7.665826896676975
0.2908363179654824 7.655777491781399
0.2908363179654824 7.645728086885823
0.2908363179654824 7.636236982262224
0.290782534493534 7.62870238445684
0.2910514518532763 7.438030562245389
0.2910514518532763 7.427981157349813
0.2910514518532763 7.417931752454237
0.2910514518532763 7.407882347558661
0.29102456011730204 7.396717570052282
0.29118591053314746 7.694005097280842
0.2911590187971732 7.682561169638475
0.2911590187971732 7.672511764742898
0.2911590187971732 7.662462359847322
0.2911590187971732 7.652412954951746
0.2911590187971732 7.642363550056171
0.29110523532522475 7.636224702930728
0.29128809912984954 7.390675893370071
0.2913741526849671 7.433549424871783
0.2913741526849671 7.423500019976207
0.2913741526849671 7.413450615080631
0.2913741526849671 7.403401210185056
0.2915032330176434 7.696837939056758
0.29148171962886404 7.683663034984633
0.29148171962886404 7.673613630089057
0.29148171962886404 7.663564225193481
0.29148171962886404 7.653514820297905
0.29148171962886404 7.644023715674305
0.2913741526849671 7.637887324415162
0.29158928657276095 7.388875579648472
0.29169685351665786 7.423485284778414
0.29169685351665786 7.4134358798828375
0.29169685351665786 7.403386474987261
0.29169685351665786 7.378821263020297
0.291831312196529 7.70402503178083
0.2918044204605548 7.692581104138462
0.2918044204605548 7.682531699242887
0.2918044204605548 7.67248229434731
0.2918044204605548 7.662432889451734
0.2918044204605548 7.652104334420169
0.29169685351665786 7.646247093297015
0.2919335007932311 7.389976462648111
0.29201955434834864 7.413421144685043
0.29201955434834864 7.403371739789467
0.2920464460843229 7.3753159231895005
0.292148634681025 7.7068578735567455
0.2921271212922456 7.6936829694846205
0.2921271212922456 7.683633564589044
0.2921271212922456 7.673584159693469
0.2921271212922456 7.663534754797893
0.29210022955627135 7.653765727971455
0.2922346882361425 7.389962709796836
0.2923422551800394 7.408940007311438
0.2923422551800394 7.398890602415861
0.2923691469160137 7.3807446156434775
0.2923422551800394 7.367346637049192
0.2924767138599106 7.7140449662808175
0.2924498221239364 7.70260103863845
0.2924498221239364 7.692551633742874
0.2924498221239364 7.682502228847298
0.2924498221239364 7.672452823951722
0.2924498221239364 7.662403419056146
0.2924498221239364 7.653470614704522
0.2926649560117302 7.403342269393879
0.2926649560117302 7.393292864498303
0.2926649560117302 7.383243459602728
0.2926649560117302 7.373194054707151
0.29268646940050963 7.3604638261595685
0.29279941469160137 7.717380032714882
0.29277252295562717 7.705936105072515
0.29277252295562717 7.695886700176938
0.29277252295562717 7.685837295281363
0.29277252295562717 7.675508740249798
0.2926649560117302 7.667976598310714
0.2926649560117302 7.654577391783279
0.292987656843421 7.403327534196085
0.292987656843421 7.3932781293005085
0.292987656843421 7.383228724404933
0.292987656843421 7.373179319509356
0.292987656843421 7.363129914613781
0.292987656843421 7.354197110262158
0.2931167371760973 7.720212874490798
0.29309522378731795 7.707037970418673
0.29309522378731795 7.696988565523097
0.29309522378731795 7.686939160627521
0.29309522378731795 7.6768897557319455
0.29309522378731795 7.666840350836369
0.29309522378731795 7.656790945940793
0.292987656843421 7.652887755769556
0.2932565742031633 7.403315254864589
0.2933103576751118 7.391030193014809
0.2933103576751118 7.380980788119233
0.2933103576751118 7.370931383223657
0.2933103576751118 7.360881978328081
0.2933103576751118 7.349715972888552
0.2934394380077881 7.723547940924862
0.29341792461900873 7.7103730368527374
0.29341792461900873 7.700323631957161
0.29341792461900873 7.690274227061586
0.29341792461900873 7.68022482216601
0.29341792461900873 7.670175417270434
0.29341792461900873 7.660126012374858
0.29341792461900873 7.652309808567187
0.2936330585068026 7.386549055641202
0.2936330585068026 7.376499650745627
0.2936330585068026 7.366450245850051
0.2936330585068026 7.356400840954475
0.293654571895582 7.343670612406893
0.2937621388394789 7.726883007358927
0.2937406254506995 7.713708103286803
0.2937406254506995 7.7036586983912265
0.2937406254506995 7.69360929349565
0.2937406254506995 7.683559888600074
0.2937406254506995 7.673510483704498
0.2937406254506995 7.663461078808922
0.29371373371472526 7.6541107771864665
0.2939557593384934 7.386534320443409
0.2939557593384934 7.376484915547833
0.2939557593384934 7.366435510652257
0.2939557593384934 7.35638610575668
0.2939557593384934 7.346336700861105
0.2939557593384934 7.337403896509482
0.29408483967116966 7.730218073792992
0.2940633262823903 7.717043169720867
0.2940633262823903 7.706993764825291
0.2940633262823903 7.696944359929715
0.2940633262823903 7.6868949550341386
0.2940633262823903 7.676845550138562
0.2940633262823903 7.666796145242987
0.2939557593384934 7.66121805425582
0.2941708932262872 7.3798248937144955
0.29427846017018416 7.367537375998416
0.29427846017018416 7.35748797110284
0.29427846017018416 7.3474385662072645
0.2942515684342099 7.336273788700884
0.29440754050286044 7.733553140227056
0.2943860271140811 7.720378236154931
0.2943860271140811 7.710328831259355
0.2943860271140811 7.70027942636378
0.2943860271140811 7.690230021468203
0.2943860271140811 7.680180616572628
0.2943860271140811 7.670689511949028
0.29427846017018416 7.6645531206898845
0.2944129188500553 7.32956681783827
0.29460116100187494 7.360823037536904
0.29460116100187494 7.350773632641328
0.29460116100187494 7.340724227745753
0.2947302413345513 7.736888206661121
0.29470872794577185 7.723713302588996
0.29470872794577185 7.71366389769342
0.29470872794577185 7.703614492797844
0.29470872794577185 7.693565087902268
0.29470872794577185 7.683515683006692
0.29470872794577185 7.675141178927046
0.29460116100187494 7.6695630879398795
0.2947302413345513 7.326872486921619
0.2949238618335657 7.359691701795157
0.2949238618335657 7.349642296899582
0.2949238618335657 7.339592892004005
0.295052942166242 7.740223273095186
0.29503142877746263 7.727048369023061
0.29503142877746263 7.716998964127485
0.29503142877746263 7.706949559231909
0.29503142877746263 7.6969001543363325
0.29503142877746263 7.687409049712733
0.2949238618335657 7.68127265845359
0.29503142877746263 7.329538575375832
0.29503142877746263 7.3206057710242085
0.2952465626652565 7.356327164965505
0.2952465626652565 7.346277760069929
0.2952465626652565 7.336228355174352
0.29538102134512767 7.744060564187398
0.2953541296091534 7.732616636545031
0.2953541296091534 7.722567231649455
0.2953541296091534 7.71251782675388
0.2953541296091534 7.7024684218583035
0.2953541296091534 7.692419016962727
0.29530034613720496 7.686280169837286
0.29538102134512767 7.326172810613029
0.2953541296091534 7.3155663333786265
0.2955692634969473 7.3529626281358516
0.2955692634969473 7.342913223240275
0.2956768304408442 7.748234308962577
0.2956768304408442 7.738184904067001
0.2956768304408442 7.728135499171426
0.2956768304408442 7.718086094275849
0.2956768304408442 7.708036689380274
0.2956768304408442 7.6979872844846975
0.2956768304408442 7.687937879589121
0.2956768304408442 7.332858906612102
0.2956768304408442 7.322809501716526
0.2956768304408442 7.313318397092926
0.29589196432863807 7.352947892938058
0.29589196432863807 7.342898488042482
0.295999531272535 7.751569375396642
0.295999531272535 7.741519970501066
0.295999531272535 7.73147056560549
0.295999531272535 7.721421160709914
0.2959780178837556 7.7086928968553705
0.295999531272535 7.332844171414308
0.295999531272535 7.322794766518731
0.2959780178837556 7.3100665026641884
0.29621466516032885 7.352933157740264
0.29621466516032885 7.3428837528446875
0.29621466516032885 7.304361034078313
0.2963437454930052 7.750213737199585
0.29632223210422576 7.73703883312746
0.29632223210422576 7.726989428231884
0.29632223210422576 7.718614924152238
0.29621466516032885 7.713036833165072
0.29632223210422576 7.332829436216514
0.29632223210422576 7.322780031320937
0.29632223210422576 7.3127306264253615
0.29653736599201963 7.352918422542469
0.29653736599201963 7.342869017646894
0.2965642577279939 7.300995269315511
0.29664493293591654 7.7548897066329125
0.29664493293591654 7.744840301737336
0.29664493293591654 7.73479089684176
0.29664493293591654 7.725299792218161
0.29664493293591654 7.3328147010187195
0.29664493293591654 7.322765296123143
0.29664493293591654 7.312715891227567
0.2968600668237104 7.341737681905146
0.2968600668237104 7.300981762050866
0.2969676337676074 7.758224773066977
0.2969676337676074 7.748175368171401
0.2969676337676074 7.7381259632758255
0.2969676337676074 7.729751459196178
0.2969945255035816 7.331123837071846
0.2969676337676074 7.31940075929349
0.2969676337676074 7.309351354397915
0.29710209244747854 7.293433656980838
0.29729033459929816 7.758210037869183
0.29729033459929816 7.748160632973607
0.2972634428633239 7.736437555195251
0.29729033459929816 7.33613503225499
0.29729033459929816 7.326085627359413
0.29729033459929816 7.316036222463838
0.29729033459929816 7.305986817568262
0.2973763881544157 7.293253641981121
0.29761303543098894 7.761545104303248
0.29761303543098894 7.751495699407672
0.29761303543098894 7.738096492880237
0.29761303543098894 7.336120297057196
0.29761303543098894 7.32607089216162
0.29761303543098894 7.316021487266044
0.29761303543098894 7.305972082370468
0.29761303543098894 7.287548173395245
0.29772060237488585 7.295917765742294
0.2979357362626797 7.761530369105453
0.2979357362626797 7.751480964209877
0.2979357362626797 7.738081757682442
0.2979357362626797 7.3361055618594015
0.2979357362626797 7.326056156963825
0.2979357362626797 7.316006752068249
0.2979357362626797 7.305957347172674
0.2979357362626797 7.285858537381522
0.2980701949425509 7.2967392530193145
0.2982584370943705 7.764865435539518
0.2982584370943705 7.754816030643942
0.2982584370943705 7.744766625748366
0.2982584370943705 7.736392121668719
0.2982584370943705 7.332741025029749
0.2982584370943705 7.322691620134172
0.2982584370943705 7.312642215238597
0.2982584370943705 7.282494000551869
0.29839289577424166 7.3034241210852375
0.2983660040382674 7.291421893170893
0.2985811379260613 7.764850700341724
0.2985811379260613 7.754801295446148
0.2985811379260613 7.744751890550572
0.2985811379260613 7.7363773864709255
0.2984735709821643 7.329381399932695
0.2985811379260613 7.31932708330452
0.2985811379260613 7.2791294637222155
0.2986887048699582 7.309272766676346
0.2986887048699582 7.29922336178077
0.2986887048699582 7.289173956885194
0.29890383875775206 7.7681857667757885
0.29890383875775206 7.758136361880212
0.29890383875775206 7.748086956984636
0.29890383875775206 7.73971245290499
0.29890383875775206 7.319312348106726
0.29890383875775206 7.275764926892563
0.29901140570164897 7.309258031478552
0.29901140570164897 7.299208626582976
0.29901140570164897 7.2891592216874
0.29922653958944284 7.768171031577994
0.29922653958944284 7.758121626682419
0.29922653958944284 7.748072221786843
0.29922653958944284 7.7396977177071955
0.29922653958944284 7.318181012364979
0.29925343132541704 7.279936215801444
0.29922653958944284 7.270167188975005
0.299360998269314 7.309242068347609
0.29933410653333975 7.296960690297276
0.29933410653333975 7.287469585673676
0.2995492404211336 7.7681562963802
0.2995492404211336 7.7581068914846245
0.2995492404211336 7.748057486589048
0.2995492404211336 7.739682982509402
0.2995492404211336 7.275735456496975
0.2995492404211336 7.267360952417329
0.29965680736503053 7.315928164346681
0.29965680736503053 7.3058787594511045
0.29965680736503053 7.295829354555529
0.29965680736503053 7.285779949659952
0.2998719412528244 7.771491362814265
0.2998719412528244 7.761441957918689
0.2998719412528244 7.751392553023113
0.2998719412528244 7.7413431481275365
0.2998719412528244 7.275720721299181
0.2998719412528244 7.265671316403605
0.29997950819672137 7.315913429148887
0.29997950819672137 7.305864024253311
0.29997950819672137 7.295814619357735
0.29997950819672137 7.285765214462159
0.3001946420845152 7.771476627616471
0.3001946420845152 7.761427222720895
0.3001946420845152 7.751377817825318
0.3001946420845152 7.741328412929743
0.30022153382048944 7.276542208576202
0.3001946420845152 7.263144229981917
0.3003022090284121 7.312548892319234
0.3003022090284121 7.302499487423658
0.3003022090284121 7.292450082528083
0.3003022090284121 7.282400677632506
0.30051734291620597 7.771461892418676
0.30051734291620597 7.761412487523101
0.30051734291620597 7.751363082627525
0.30051734291620597 7.741313677731949
0.30051734291620597 7.268991647639876
0.30051734291620597 7.259500543016276
0.30062490986010293 7.309184355489581
0.30062490986010293 7.299134950594006
0.30062490986010293 7.289085545698429
0.30062490986010293 7.279036140802853
0.30086155713667617 7.77010625422162
0.30084004374789675 7.756931350149495
0.30084004374789675 7.746881945253919
0.30084004374789675 7.7390657414462485
0.30084004374789675 7.268976912442081
0.300866935483871 7.257251378797426
0.30094761069179365 7.3091696202917875
0.30094761069179365 7.299120215396211
0.30094761069179365 7.289070810500635
0.30094761069179365 7.279021405605059
0.3011627445795875 7.774782223654947
0.3011627445795875 7.764732818759371
0.3011627445795875 7.754683413863795
0.3011627445795875 7.74128420733636
0.3011627445795875 7.268962177244287
0.3011627445795875 7.255562970716852
0.3012703115234845 7.30803828455004
0.3012703115234845 7.297988879654465
0.3012703115234845 7.287939474758888
0.3012703115234845 7.277890069863313
0.3014854454112783 7.774767488457153
0.3014854454112783 7.7647180835615774
0.3014854454112783 7.754668678666001
0.3014854454112783 7.741269472138566
0.3014854454112783 7.265597640414635
0.3014854454112783 7.2521984338872
0.30159301235517527 7.30579034826434
0.30159301235517527 7.295740943368765
0.30159301235517527 7.285691538473188
0.30159301235517527 7.2756421335776125
0.30180814624296914 7.774752753259359
0.30180814624296914 7.764703348363783
0.30180814624296914 7.754653943468207
0.30180814624296914 7.741254736940772
0.30180814624296914 7.26558290521684
0.3017812545069949 7.253859827438484
0.30191571318686605 7.304659012522594
0.30191571318686605 7.2946096076270175
0.30191571318686605 7.284560202731441
0.30191571318686605 7.274510797835865
0.30194260492284025 7.2479903069838345
0.30213084707465987 7.774738018061565
0.30213084707465987 7.764688613165989
0.30213084707465987 7.7546392082704125
0.30213084707465987 7.7412400017429785
0.3021577388106341 7.263054590862002
0.30223841401855683 7.300177875148988
0.30223841401855683 7.2901284702534115
0.30223841401855683 7.280079065357835
0.30223841401855683 7.270587960734236
0.30223841401855683 7.25082413110627
0.302372872698428 7.243783408013619
0.3024535479063507 7.7747232828637705
0.3024535479063507 7.764673877968194
0.3024535479063507 7.754624473072619
0.3024535479063507 7.741225266545184
0.3025611148502476 7.299046539407241
0.3025611148502476 7.288997134511664
0.3025611148502476 7.278947729616089
0.3025611148502476 7.268898324720513
0.3025611148502476 7.258848919824937
0.3026417900581703 7.247120930313983
0.3028031404740157 7.773869869324862
0.30277624873804143 7.762425941682495
0.30277624873804143 7.752376536786919
0.30275473534926206 7.740876533530724
0.30277624873804143 7.240415187384517
0.3028838156819384 7.299031804209447
0.3028838156819384 7.288982399313871
0.3028838156819384 7.2789329944182946
0.3028838156819384 7.268883589522719
0.3028838156819384 7.258834184627142
0.3029913826258353 7.248779867998969
0.30309894956973227 7.778043614100041
0.30309894956973227 7.767994209204465
0.30309894956973227 7.757944804308889
0.30309894956973227 7.747895399413313
0.30309894956973227 7.7395208953336665
0.30309894956973227 7.239842151914747
0.3032065165136292 7.2979004684677
0.3032065165136292 7.287851063572123
0.3032065165136292 7.277801658676547
0.3032065165136292 7.267752253780971
0.3032065165136292 7.257702848885396
0.30334097519350034 7.247089004052095
0.30342165040142305 7.778028878902247
0.30342165040142305 7.767979474006671
0.30342165040142305 7.7579300691110955
0.30342165040142305 7.747880664215519
0.30342165040142305 7.738947859863896
0.30344854213739725 7.237453412627904
0.30352921734531996 7.292302730550141
0.30352921734531996 7.282253325654565
0.30352921734531996 7.272203920758989
0.30352921734531996 7.262154515863413
0.3036367842892169 7.2521001992352385
0.30374435123311383 7.778014143704453
0.30374435123311383 7.767964738808876
0.30374435123311383 7.757915333913301
0.30374435123311383 7.747865929017725
0.30374435123311383 7.737816524122149
0.30374435123311383 7.241375922280693
0.30385191817701074 7.290054794264441
0.30385191817701074 7.280005389368865
0.30385191817701074 7.26995598447329
0.30385191817701074 7.259906579577713
0.303878809912985 7.234083964065652
0.3040670520648046 7.777999408506659
0.3040670520648046 7.767950003611083
0.3040670520648046 7.757900598715507
0.3040670520648046 7.7478511938199315
0.3040670520648046 7.737801788924354
0.3040670520648046 7.248730750672988
0.3041746190087015 7.288923458522694
0.3041746190087015 7.278874053627118
0.3041746190087015 7.268824648731542
0.3041746190087015 7.2587752438359665
0.30415310561992215 7.235997575085847
0.3043897528964954 7.777984673308865
0.3043897528964954 7.7679352684132885
0.3043897528964954 7.757885863517712
0.3043897528964954 7.747836458622137
0.3043897528964954 7.736112152910631
0.30441664463246965 7.2495522379500095
0.30441664463246965 7.231128328974787
0.3044973198403923 7.285558921693042
0.3044973198403923 7.275509516797466
0.3044973198403923 7.26546011190189
0.3044973198403923 7.255410707006313
0.30453317548835795 7.237543461058868
0.3046048867842892 7.729402726181718
0.3047124537281862 7.77796993811107
0.3047124537281862 7.767920533215495
0.3047124537281862 7.757871128319919
0.3047124537281862 7.747821723424343
0.3047124537281862 7.737772318528767
0.3048200206720831 7.276611382143624
0.3048200206720831 7.266561977248048
0.3048200206720831 7.256512572352472
0.3048200206720831 7.246463167456897
0.3048200206720831 7.23641376256132
0.3048200206720831 7.228039258481673
0.30492758761598004 7.729387990983924
0.30503515455987695 7.777955202913277
0.30503515455987695 7.767905798017701
0.30503515455987695 7.7578563931221245
0.30503515455987695 7.747806988226548
0.30503515455987695 7.737757583330972
0.30514272150377386 7.272130244770018
0.30514272150377386 7.262080839874443
0.30514272150377386 7.252031434978866
0.30514272150377386 7.241982030083291
0.30514272150377386 7.228582823555856
0.3052502884476708 7.72937325578613
0.30535785539156773 7.777940467715482
0.30535785539156773 7.767891062819906
0.30535785539156773 7.757841657924331
0.30535785539156773 7.747792253028755
0.30535785539156773 7.737742848133179
0.3054654223354647 7.270998909028272
0.3054654223354647 7.260949504132696
0.3054654223354647 7.2509000992371195
0.3054654223354647 7.240850694341543
0.30543853059949044 7.229406766699176
0.305594502668141 7.729692518405002
0.3055729892793616 7.223538474177676
0.3056805562232585 7.774575930885829
0.3056805562232585 7.764526525990254
0.3056805562232585 7.754477121094678
0.3056805562232585 7.744427716199102
0.3057881231671554 7.265401171110713
0.3057881231671554 7.255351766215137
0.3057881231671554 7.245302361319561
0.3057881231671554 7.2352529564239845
0.3058956901110524 7.73436848783833
0.3058956901110524 7.7243190829427535
0.3058956901110524 7.225198639795811
0.3060032570549493 7.774561195688036
0.3060032570549493 7.76451179079246
0.3060032570549493 7.7544623858968835
0.3060032570549493 7.744412981001307
0.30611082399884626 7.26203663428106
0.30611082399884626 7.251987229385485
0.30611082399884626 7.2419378244899075
0.30611082399884626 7.231888419594332
0.30621839094274317 7.734353752640535
0.30621839094274317 7.72430434774496
0.3062452826787174 7.222670325440973
0.3063259578866401 7.7745464604902415
0.3063259578866401 7.764497055594665
0.3063259578866401 7.754447650699089
0.3063259578866401 7.744398245803513
0.306433524830537 7.258672097451408
0.306433524830537 7.2486226925558315
0.306433524830537 7.238573287660255
0.30654109177443395 7.734339017442741
0.30654109177443395 7.724289612547166
0.30654109177443395 7.228518971032081
0.30654109177443395 7.220144466952434
0.30664865871833086 7.774531725292448
0.30664865871833086 7.764482320396872
0.30664865871833086 7.754432915501296
0.30664865871833086 7.7443835106057195
0.3067562256622278 7.256424161165707
0.3067562256622278 7.246374756270132
0.3067562256622278 7.236325351374555
0.30686379260612473 7.734324282244947
0.30686379260612473 7.724274877349371
0.3068369008701505 7.223480761319649
0.30697135955002164 7.774516990094654
0.30697135955002164 7.764467585199077
0.30697135955002164 7.754418180303501
0.30697135955002164 7.744368775407925
0.30697135955002164 7.216775018390184
0.3070789264939186 7.254176224880007
0.3070789264939186 7.244126819984432
0.3070789264939186 7.234077415088855
0.3071864934378155 7.734309547047153
0.3071864934378155 7.724260142151577
0.30721338517378977 7.223463570255555
0.3072940603817125 7.774502254896859
0.3072940603817125 7.764452850001283
0.3072940603817125 7.754403445105707
0.3072940603817125 7.744354040210132
0.3072940603817125 7.216760283192389
0.3074016273256094 7.248578486962449
0.3074016273256094 7.238529082066873
0.30753608600548055 7.735131034324175
0.3075091942695063 7.7236871066818065
0.3075091942695063 7.228474765438699
0.3076167612134032 7.772254318611159
0.3076167612134032 7.762204913715584
0.3076167612134032 7.752155508820008
0.3076167612134032 7.7426644041964074
0.30764365294937746 7.21925667128534
0.30772432815730016 7.246330550676749
0.30772432815730016 7.236281145781174
0.3078318951011971 7.730930275019706
0.3078318951011971 7.721439170396106
0.30793946204509404 7.771122982869413
0.30793946204509404 7.7610735779738365
0.30793946204509404 7.75102417307826
0.30793946204509404 7.740974768182684
0.30793946204509404 7.225105316876448
0.30793946204509404 7.215055911980873
0.30804702898899095 7.245199214935003
0.30804702898899095 7.2351498100394265
0.30815459593288785 7.730915539821912
0.30815459593288785 7.720866134926336
0.30826216287678476 7.771108247671618
0.30826216287678476 7.761058842776042
0.30826216287678476 7.751009437880466
0.30826216287678476 7.740960032984891
0.3082836762655642 7.225089599332135
0.30826216287678476 7.213366275967148
0.3083697298206817 7.239601477017444
0.30847729676457863 7.7309008046241185
0.30847729676457863 7.7208513997285415
0.3085848637084756 7.771093512473824
0.3085848637084756 7.761044107578249
0.3085848637084756 7.7509947026826715
0.3085848637084756 7.740945297787096
0.3085848637084756 7.228425648112719
0.3085633503196962 7.215697384258176
0.3086924306523725 7.238470141275696
0.30882688933224367 7.731722291901139
0.3087999975962694 7.720278364258772
0.3087999975962694 7.209991915672299
0.3089075645401664 7.7688455761881245
0.3089075645401664 7.758796171292548
0.3089075645401664 7.748746766396972
0.3089075645401664 7.739255661773372
0.3089075645401664 7.228410912914924
0.3089075645401664 7.218361508019349
0.3090151314840633 7.238455406077903
0.30912269842796025 7.727521532596671
0.30912269842796025 7.719147028517025
0.30912269842796025 7.209977180474505
0.30923026537185716 7.767714240446377
0.30923026537185716 7.757664835550801
0.30923026537185716 7.747615430655225
0.30923026537185716 7.73756602575965
0.30923026537185716 7.22839617771713
0.30923026537185716 7.218346772821555
0.30933783231575407 7.238440670880109
0.309445399259651 7.727506797398878
0.30947229099562523 7.715781263754222
0.309445399259651 7.2099624452767115
0.30955296620354794 7.767699505248583
0.30955296620354794 7.757650100353008
0.30955296620354794 7.7476006954574315
0.30955296620354794 7.737551290561855
0.30955296620354794 7.2283814425193365
0.30955296620354794 7.21833203762376
0.30966053314744485 7.238425935682315
0.3097681000913418 7.727492062201083
0.3097681000913418 7.714092855673648
0.3097681000913418 7.209389409806942
0.3098756670352387 7.7665681695068365
0.3098756670352387 7.75651876461126
0.3098756670352387 7.746469359715684
0.3098756670352387 7.736419954820108
0.3098756670352387 7.228366707321543
0.3098756670352387 7.218317302425966
0.30998323397913563 7.238411200484521
0.31009080092303254 7.72412752537143
0.31009080092303254 7.714078120475854
0.31009080092303254 7.208258074065194
0.3101983678669295 7.764320233221136
0.3101983678669295 7.75427082832556
0.3101983678669295 7.744221423429984
0.3101983678669295 7.734172018534408
0.3101983678669295 7.228351972123749
0.3101983678669295 7.2183025672281715
0.3103059348108264 7.238396465286726
0.3104135017547234 7.724112790173637
0.3104135017547234 7.71406338527806
0.3104135017547234 7.208243338867399
0.3105210686986203 7.764305498023342
0.3105210686986203 7.754256093127767
0.3105210686986203 7.7442066882321905
0.3105210686986203 7.734157283336614
0.3105210686986203 7.228337236925954
0.3105210686986203 7.218287832030378
0.3106286356425172 7.238381730088932
0.31076309432238836 7.724934277450657
0.31073620258641416 7.713490349808289
0.31073620258641416 7.208228603669606
0.31084376953031106 7.762057561737643
0.31084376953031106 7.7520081568420665
0.31084376953031106 7.74195875194649
0.31084376953031106 7.73246764732289
0.31084376953031106 7.22832250172816
0.31084376953031106 7.218273096832584
0.31095133647420803 7.2383669948911376
0.31105890341810494 7.720733518146189
0.31105890341810494 7.712359014066543
0.31105890341810494 7.208213868471812
0.31116647036200185 7.760926225995895
0.31116647036200185 7.750876821100319
0.31116647036200185 7.740827416204743
0.31116647036200185 7.730778011309168
0.31116647036200185 7.228307766530365
0.31116647036200185 7.21825836163479
0.31127403730589875 7.238352259693344
0.3113816042497957 7.720718782948396
0.3113816042497957 7.712344278868748
0.3114084959857699 7.206523004524938
0.3114891711936926 7.759794890254148
0.3114891711936926 7.749745485358572
0.3114891711936926 7.739696080462996
0.3114891711936926 7.72964667556742
0.3114891711936926 7.228293031332572
0.3114891711936926 7.218243626436996
0.3115967381375896 7.238337524495551
0.3117043050814865 7.714004444486884
0.3117043050814865 7.204834596444364
0.3118118720253834 7.757546953968449
0.3118118720253834 7.747497549072873
0.3118118720253834 7.737448144177296
0.3118118720253834 7.72739873928172
0.3118118720253834 7.228278296134778
0.3118118720253834 7.218228891239201
0.3119194389692803 7.238322789297756
0.3120270059131773 7.7139897092890894
0.3120270059131773 7.204819861246571
0.3121345728570742 7.7564156182267014
0.3121345728570742 7.746366213331125
0.3121345728570742 7.736316808435549
0.3121345728570742 7.726267403539973
0.3121345728570742 7.228263560936984
0.3121345728570742 7.218214156041407
0.31224213980097115 7.238308054099962
0.31234970674486806 7.713974974091295
0.31234970674486806 7.204805126048777
0.31245727368876497 7.754167681941001
0.31245727368876497 7.744118277045425
0.31245727368876497 7.73406887214985
0.31245727368876497 7.724019467254274
0.31245727368876497 7.22824882573919
0.31245727368876497 7.218199420843613
0.31256484063266193 7.238293318902167
0.31267240757655884 7.713960238893501
0.31267240757655884 7.204790390850983
0.3127799745204558 7.753036346199254
0.3127799745204558 7.742986941303679
0.3127799745204558 7.7329375364081026
0.3127799745204558 7.722888131512526
0.3127799745204558 7.228234090541395
0.3127799745204558 7.218184685645819
0.3128875414643527 7.238278583704373
0.3129951084082496 7.712270602879778
0.3129951084082496 7.204775655653188
0.31310267535214653 7.750788409913555
0.31310267535214653 7.7407390050179785
0.31310267535214653 7.730689600122402
0.31310267535214653 7.720640195226826
0.31310267535214653 7.228219355343601
0.31310267535214653 7.218169950448026
0.3132102422960435 7.23826384850658
0.3133178092399404 7.712255867681984
0.3133178092399404 7.204760920455394
0.31342537618383737 7.749657074171807
0.31342537618383737 7.739607669276231
0.31342537618383737 7.729558264380655
0.31342537618383737 7.71950885948508
0.31342537618383737 7.228204620145807
0.31342537618383737 7.218155215250231
0.3135329431277343 7.238249113308785
0.3136620234604106 7.713245090627227
0.3136405100716312 7.2047461852576
0.3137480770155281 7.747409137886108
0.3137480770155281 7.737359732990532
0.3137480770155281 7.727310328094956
0.3137480770155281 7.228189884948013
0.3137480770155281 7.218140480052437
0.31385564395942506 7.238234378110992
0.31396321090332197 7.715576198918254
0.31396321090332197 7.204731450059806
0.31407077784721893 7.745161201600408
0.31407077784721893 7.735111796704832
0.31407077784721893 7.7256206920812325
0.31407077784721893 7.227058549206266
0.31407077784721893 7.2170091443106905
0.31407077784721893 7.238224554645795
0.314312803470987 7.712210434155452
0.314312803470987 7.20597166254081
0.3143934786789097 7.744029865858661
0.3143934786789097 7.7339804609630844
0.3143934786789097 7.723931056067508
0.3143934786789097 7.22257741183266
0.3143934786789097 7.2130863072090605
0.31463012595548295 7.7152107660129605
0.3146086125667036 7.704380723083137
0.3146086125667036 7.203027078848288
0.3147161795106005 7.740665329029008
0.3147161795106005 7.730615924133432
0.3147161795106005 7.221446076090913
0.3147161795106005 7.211396671195337
0.31495820513436856 7.721392918247475
0.31490980000961494 7.707158471591745
0.3149313133983943 7.203012343650495
0.31503888034229127 7.738417392743308
0.31503888034229127 7.728926288119709
0.31503888034229127 7.220314740349166
0.31503888034229127 7.21026533545359
0.31525401423008514 7.717192158943007
0.31525401423008514 7.703792952415572
0.31525401423008514 7.2035559087246765
0.31536158117398205 7.737286057001561
0.31536158117398205 7.727236652105985
0.31536158117398205 7.214717002431607
0.3155982284505553 7.718516362051437
0.31554982332580167 7.703779445150928
0.31557671506177587 7.204657774070835
0.31568428200567283 7.733921520171908
0.31571117374164703 7.697909924696278
0.31568428200567283 7.214702267233814
0.3159263076294409 7.724698514285952
0.3158994158934667 7.7126962863716075
0.3158994158934667 7.204643038873041
0.3160069828373636 7.732231884158185
0.31603387457333787 7.703757342354237
0.3160069828373636 7.693150865119834
0.3160069828373636 7.214687532036019
0.3162221167251575 7.7204977549814835
0.3162221167251575 7.205186603947224
0.3163296836690544 7.729425647600508
0.3163565754050286 7.711279660828125
0.3163296836690544 7.699277432913781
0.3163296836690544 7.689786328290181
0.3163296836690544 7.214672796838226
0.31654481755684827 7.206288469293383
0.3166523845007452 7.727177711314809
0.3166523845007452 7.717128306419233
0.3166523845007452 7.707078901523657
0.3166523845007452 7.697029496628081
0.3166523845007452 7.6853051909165755
0.3166523845007452 7.214658061640431
0.3168890317773184 7.679264742167514
0.31686751838853905 7.206273734095588
0.31697508533243596 7.723813174485156
0.31697508533243596 7.71376376958958
0.31697508533243596 7.703714364694004
0.31697508533243596 7.6936649597984275
0.31697508533243596 7.214643326442637
0.3172171109562041 7.68444195391247
0.31719021922022983 7.672998026270103
0.31719021922022983 7.206258998897795
0.31729778616412674 7.721565238199457
0.31729778616412674 7.7115158333038805
0.31729778616412674 7.701466428408304
0.31729778616412674 7.691975323784705
0.31729778616412674 7.214628591244843
0.3175398117878948 7.681077417082818
0.31748602831594636 7.667680666421683
0.3175129200519206 7.2062442637
0.3176204869958175 7.7182007013698035
0.3176204869958175 7.708151296474227
0.3176204869958175 7.698101891578651
0.3176204869958175 7.688610786955052
0.3176473787317918 7.662229871171015
0.3176204869958175 7.214613856047048
0.3178356208836114 7.67687665777835
0.3178356208836114 7.20734612904616
0.3179431878275083 7.715952765084103
0.3179431878275083 7.705903360188527
0.3179431878275083 7.695853955292951
0.3179431878275083 7.685804550397375
0.3179431878275083 7.6651474403342466
0.31797007956348255 7.212922992100176
0.31826588865919914 7.71258822825445
0.31826588865919914 7.702538823358875
0.31826588865919914 7.692489418463298
0.31826588865919914 7.682440013567723
0.31826588865919914 7.6723906086721465
0.31826588865919914 7.660945453096629
0.31826588865919914 7.2129094848355315
0.31858858949088986 7.710340291968751
0.31858858949088986 7.700290887073175
0.31858858949088986 7.690241482177599
0.31858858949088986 7.6801920772820225
0.31858858949088986 7.670142672386447
0.3185670761021105 7.657414408531904
0.31858858949088986 7.221269253717384
0.31858858949088986 7.211219848821807
0.3188252367674631 7.653047878252252
0.3189112903225807 7.706975755139098
0.3189112903225807 7.696926350243522
0.3189112903225807 7.6868769453479455
0.3189112903225807 7.67682754045237
0.3189112903225807 7.666778135556794
0.3189381820585549 7.220415840178476
0.3188575068506322 7.212045019898278
0.3191264242103745 7.656718907196022
0.3192339911542714 7.703611218309446
0.3192339911542714 7.6935618134138695
0.3192339911542714 7.683512408518293
0.3192339911542714 7.673463003622717
0.3192608828902457 7.647919538246645
0.3192339911542714 7.227939386585513
0.3192339911542714 7.214540180058078
0.31947063843084467 7.6647427135681685
0.31955669198596226 7.7002466814797925
0.31955669198596226 7.690197276584216
0.31955669198596226 7.68014787168864
0.31953517859718283 7.647320798042945
0.31955669198596226 7.227087200979755
0.31955669198596226 7.214190464697099
0.3197933392625355 7.6714275816340916
0.3197718258737561 7.657806037344386
0.3197933392625355 7.642954267763294
0.3197718258737561 7.248013637713675
0.3197718258737561 7.237964232818099
0.31987939281765304 7.696882144650139
0.31987939281765304 7.686832739754564
0.31987939281765304 7.227909916189925
0.3198525010816788 7.216186838411569
0.3201160400942263 7.6781124497000155
0.3200945267054469 7.66449090541031
0.3200945267054469 7.654441500514734
0.32006763496947266 7.643276723008354
0.3200945267054469 7.2479989025158815
0.3200945267054469 7.237949497620305
0.3202020936493438 7.693517607820487
0.3202020936493438 7.227895180992131
0.3202020936493438 7.217845776096555
0.32030966059324073 7.639078419570185
0.32030966059324073 7.258038483946261
0.32043874092591706 7.6847973177659386
0.32041722753713764 7.671175773476233
0.32041722753713764 7.661126368580657
0.32041722753713764 7.651076963685081
0.3204441192731119 7.248820389792902
0.32041722753713764 7.236818161878558
0.3205516862170088 7.2278792178611875
0.3205247944810346 7.217272740626784
0.3206323614249315 7.638226233964427
0.3206323614249315 7.264723352012185
0.3207399283688285 7.687910046437732
0.3207399283688285 7.677860641542156
0.3207399283688285 7.66781123664658
0.3207399283688285 7.657761831751005
0.3207399283688285 7.648270727127405
0.3207399283688285 7.25466903538401
0.3207399283688285 7.244619630488434
0.3208474953127254 7.23456531386026
0.3208474953127254 7.2211661073328255
0.32098195399259655 7.637372820425519
0.3209550622566223 7.26470861681439
0.3210626292005192 7.68454550960808
0.3210626292005192 7.674496104712503
0.3210626292005192 7.664446699816928
0.3210626292005192 7.654397294921352
0.3210626292005192 7.6449061902977515
0.3210626292005192 7.254654300186216
0.3210626292005192 7.24460489529064
0.32117019614441616 7.234550578662466
0.3211433044084419 7.22282750088411
0.32129927647709244 7.635180959753646
0.3212777630883131 7.264693881616596
0.32138533003221004 7.680064372234474
0.32138533003221004 7.670014967338898
0.32138533003221004 7.659965562443322
0.32138533003221004 7.649916157547746
0.32141222176818424 7.2538008866473085
0.32138533003221004 7.24235695900494
0.3215197887120812 7.233697165123558
0.32149289697610695 7.2228115377531665
0.3216219773087833 7.641195867493197
0.32160046392000385 7.630365824563374
0.3216219773087833 7.2666880450513975
0.3217080308639008 7.675583234860868
0.3217080308639008 7.665533829965292
0.3217080308639008 7.655484425069716
0.321734922599875 7.2504363498176545
0.3218424895437719 7.238707132373552
0.3218155978077977 7.227821505003161
0.3217080308639008 7.222801714287971
0.3219231647516947 7.643191995621038
0.3219231647516947 7.633142590725463
0.3219231647516947 7.274713816116584
0.3219231647516947 7.264664411221007
0.3220307316955916 7.672218698031215
0.3220307316955916 7.662169293135639
0.3220307316955916 7.652119888240064
0.3220576234315658 7.25377141625172
0.32216519037546276 7.243717099623545
0.3221382986394885 7.231156571437225
0.3221382986394885 7.225294418581472
0.32227275731935967 7.640663681266201
0.3222458655833854 7.627265702671915
0.32226737897216484 7.276707979551386
0.3222458655833854 7.263533075479261
0.3223534325272824 7.66773756065761
0.3223534325272824 7.657688155762034
0.3223534325272824 7.648197051138434
0.32248251285995866 7.251239663684063
0.3224609994711793 7.237841439503148
0.3224609994711793 7.229466935423502
0.32259545815105045 7.637299144436548
0.32256856641507625 7.62585521679418
0.3225900798038556 7.283392847617309
0.32256856641507625 7.270217943545184
0.32256856641507625 7.261285139193561
0.32267613335897316 7.664373023827957
0.32267613335897316 7.654323618932381
0.32267613335897316 7.644832514308781
0.3228105920388443 7.247037430859816
0.32278370030287007 7.234895627877478
0.32267613335897316 7.229457111958306
0.3229127806355464 7.634437323438304
0.322891267246767 7.62360728050848
0.3229127806355464 7.286727914051374
0.322891267246767 7.273553009979248
0.322891267246767 7.263503605083672
0.322891267246767 7.254570800732049
0.32299883419066394 7.658775285910398
0.32299883419066394 7.648725881014823
0.3231332928705351 7.23948564199034
0.3230526176626124 7.232789722526071
0.3232139680784578 7.636433451566145
0.323240859814432 7.624707917921489
0.3232139680784578 7.291403883484701
0.3232139680784578 7.281354478589124
0.3232139680784578 7.271305073693549
0.3232139680784578 7.261255668797973
0.3232139680784578 7.251206263902397
0.3233215350223547 7.655410749080746
0.3233215350223547 7.6453613441851695
0.32342910196625163 7.238634684317731
0.3235635606461228 7.633905137211307
0.3235366689101486 7.620507158617022
0.32355818229892797 7.291388165940387
0.3235366689101486 7.277989941759472
0.3235366689101486 7.267940536863897
0.3235366689101486 7.25789113196832
0.3235366689101486 7.249516627888673
0.3236442358540455 7.65092961170714
0.3236442358540455 7.64143850708354
0.3237518027979424 7.2394573995279
0.32388088313061875 7.631043316213063
0.3238593697418394 7.6174217719233575
0.3238593697418394 7.29807401635283
0.3238593697418394 7.288024611457254
0.3238593697418394 7.277975206561678
0.3238593697418394 7.267925801666102
0.3238593697418394 7.257876396770525
0.3238593697418394 7.24782699187495
0.3239669366857363 7.645331873789582
0.32399382842171054 7.608761978041975
0.3240745036296332 7.24055926487406
0.32420896230950436 7.633875666815719
0.32418207057353016 7.621873438901375
0.32418207057353016 7.2980592811550355
0.32418207057353016 7.28800987625946
0.32418207057353016 7.277960471363883
0.32418207057353016 7.267911066468308
0.32418207057353016 7.257861661572732
0.32420896230950436 7.246136127928077
0.32428963751742707 7.641409036687952
0.32428963751742707 7.61159580216441
0.3244689157572553 7.630793145299403
0.32450477140522094 7.298044545957241
0.32450477140522094 7.287995141061666
0.32450477140522094 7.277945736166089
0.32450477140522094 7.267896331270514
0.32450477140522094 7.2578469263749374
0.32450477140522094 7.247797521479361
0.32450477140522094 7.616275700983816
0.32450477140522094 7.607901196904169
0.3248274722369117 7.298029810759448
0.3248274722369117 7.2879804058638715
0.3248274722369117 7.277931000968295
0.3248274722369117 7.267881596072719
0.3248274722369117 7.257832191177144
0.3248274722369117 7.249457687097497
0.3251501730686025 7.298015075561654
0.3251501730686025 7.287965670666077
0.3251501730686025 7.277916265770502
0.3251501730686025 7.267866860874926
0.3251501730686025 7.254467654347491
0.3254728739002933 7.29800034036386
0.3254728739002933 7.287950935468283
0.3254728739002933 7.2779015305727075
0.3254728739002933 7.267852125677131
0.3254728739002933 7.257802720781555
0.3255804408441902 7.618459784745741
0.3255804408441902 7.608410379850165
0.3255589274554108 7.596128756213203
0.32579557473198406 7.297985605166065
0.32579557473198406 7.287936200270489
0.32579557473198406 7.277886795374913
0.32579557473198406 7.267837390479338
0.32579557473198406 7.259462886399691
0.32590314167588097 7.613978647372136
0.32590314167588097 7.60392924247656
0.32587624993990677 7.59276446497018
0.3261397889524542 7.584712907308854
0.3261451672996491 7.297132191627156
0.32611827556367484 7.28568826398479
0.32611827556367484 7.275638859089214
0.32609676217489547 7.264473835996204
0.3262258425075718 7.607264308910624
0.3262258425075718 7.597214904015049
0.32646248978414505 7.586038092763804
0.3264409763953656 7.574873069670794
0.3264409763953656 7.304655738034194
0.3264409763953656 7.294606333138619
0.3264409763953656 7.284556928243042
0.3264678681313399 7.272831394598388
0.32638719292341717 7.266135475134119
0.32654854333926253 7.600549970449113
0.3267851906158358 7.5907130798506115
0.3267636772270564 7.577091535560906
0.3267636772270564 7.569275331753236
0.3267636772270564 7.304641002836401
0.3267636772270564 7.2945915979408245
0.3267636772270564 7.284542193045248
0.3267367854910822 7.272819115266893
0.3270863780587472 7.589359406346594
0.3270863780587472 7.5793100014510175
0.3270863780587472 7.569260596555441
0.3270863780587472 7.560886092475795
0.32711326979472144 7.303787589297492
0.3270863780587472 7.292343661655124
0.3270863780587472 7.282852557031525
0.32703259458679873 7.276155409634106
0.32740907889043797 7.582645067885082
0.32740907889043797 7.572595662989507
0.32740907889043797 7.56254625809393
0.32740907889043797 7.554171754014283
0.3274359706264122 7.307122655731557
0.32740907889043797 7.2956787280891895
0.32740907889043797 7.284931447853642
0.32730151194654106 7.27949293193447
0.3276511045142061 7.330561443689371
0.32762421277823184 7.319117516047005
0.32773177972212875 7.575930729423571
0.32773177972212875 7.565881324527995
0.32770488798615455 7.5554144223615864
0.327758671458103 7.308782821349691
0.32773177972212875 7.296780593435348
0.32770488798615455 7.287430291812892
0.327968426998702 7.336074126770773
0.3279469136099226 7.322452582481068
0.3280544805538196 7.568099790418106
0.32803296716504016 7.555818166781144
0.3280544805538196 7.311281665308941
0.3280813722897938 7.2995561316642865
0.3280006970818711 7.292860212200018
0.3282696144416134 7.341420056530474
0.3282696144416134 7.331370651634897
0.3282696144416134 7.321321246739322
0.3283771813855103 7.5591522508686895
0.32832339791356185 7.553292553879236
0.3283771813855103 7.515604829654526
0.3283771813855103 7.311266930111147
0.3283502896495361 7.299962577536774
0.3285923152733042 7.3422427717406435
0.3285923152733042 7.3302393158931505
0.3285923152733042 7.320189910997574
0.32869988221720114 7.5529962126791546
0.3286783688284217 7.516261037129624
0.32869988221720114 7.307902393281495
0.3288289625498774 7.351443920416539
0.32891501610499496 7.509438967999795
0.32891501610499496 7.333853532463203
0.32891501610499496 7.322408376887686
0.3290225830488919 7.518925160890797
0.3290225830488919 7.498826351099645
0.32899569131291767 7.4871032733212886
0.3290225830488919 7.312912360531488
0.32913014999278883 7.480397530391825
0.32913014999278883 7.365666824500664
0.32913014999278883 7.353663368653171
0.32913014999278883 7.343613963757594
0.32923771693668574 7.508865932530025
0.32925923032546517 7.331325463694995
0.32923771693668574 7.3201604406019865
0.3293452838805827 7.518910425693003
0.3293452838805827 7.49881161590185
0.3293452838805827 7.488762211006275
0.3293667972693621 7.373528052523817
0.3294528508244796 7.4787078943781005
0.3294528508244796 7.468658489482525
0.3294528508244796 7.459167384858925
0.3294528508244796 7.358115035631188
0.3294528508244796 7.348065630735612
0.3295604177683765 7.5088511973322305
0.3295604177683765 7.448554767958775
0.3295604177683765 7.438505363063198
0.3295604177683765 7.428455958167623
0.3295604177683765 7.418406553272046
0.3295604177683765 7.408357148376471
0.3295604177683765 7.398307743480895
0.3295604177683765 7.388258338585318
0.3295604177683765 7.338011314107439
0.3295604177683765 7.328520209483839
0.3296679847122735 7.517779089951255
0.3296948764482477 7.499633103178872
0.3296679847122735 7.487630875264527
0.3296948764482477 7.379040244431959
0.3296679847122735 7.367038016517615
0.32980244339214465 7.477017030431227
0.3297755516561704 7.465293952652871
0.3297755516561704 7.455244547757296
0.32980244339214465 7.356424171684315
0.3297755516561704 7.344701093905959
0.32988311860006736 7.4440736305851685
0.32988311860006736 7.434024225689592
0.32988311860006736 7.423974820794017
0.32988311860006736 7.41392541589844
0.32988311860006736 7.403876011002865
0.32988311860006736 7.393826606107289
0.32982933512811885 7.334649233144084
0.3299369020720158 7.508834006268138
0.32999068554396427 7.499898746050215
0.32999068554396427 7.48984934115464
0.32999068554396427 7.380701637983244
0.32999068554396427 7.369256482407727
0.3301197658766406 7.475327640004134
0.3300982524878612 7.461929415823219
0.3300982524878612 7.451880010927644
0.3301197658766406 7.355069761420408
0.3300444690159127 7.344688814574464
0.3302058194317581 7.440709093755516
0.3302058194317581 7.43065968885994
0.3302058194317581 7.420610283964364
0.3302058194317581 7.410560879068788
0.3302058194317581 7.4005114741732125
0.3302058194317581 7.3904620692776355
0.3302596029037066 7.495420064542909
0.33031338637565505 7.485368203781034
0.3303348997644344 7.378173569215036
0.33031338637565505 7.364775345034122
0.33042095331955196 7.471126635113037
0.33042095331955196 7.45968147953752
0.33042095331955196 7.4496320746419435
0.3303671698476035 7.355560934680211
0.3305285202634489 7.435948806245921
0.3305285202634489 7.423945350398428
0.3305285202634489 7.413895945502852
0.3305285202634489 7.403846540607276
0.3305285202634489 7.393797135711701
0.3305823037353974 7.478656321185822
0.3306576005961252 7.3815086356491015
0.3305823037353974 7.369787768150415
0.3305285202634489 7.363090620752995
0.33074365415124274 7.462737395835596
0.33074365415124274 7.450733939988101
0.33074365415124274 7.440684535092526
0.3308512210951397 7.4283970173764455
0.3308512210951397 7.41834761248087
0.3308512210951397 7.408298207585294
0.3308512210951397 7.398248802689718
0.3308512210951397 7.384849596162283
0.3309587880390366 7.448490915435
0.33101257151098507 7.435089253041266
0.3310663549829335 7.421687590647533
0.3310663549829335 7.411638185751957
