# mvee ellipse for the 3-sigma contour
# $\sin^2\theta_{12}$  $\Delta m^2_{21}$ [$10^{-5}$ eV$^2$]
3.162759665623567917e-01 7.081199750635955859e+00
3.160180683986784089e-01 7.081210783768041139e+00
3.157596737013176891e-01 7.081252539393340761e+00
3.155008021480313340e-01 7.081325014332001899e+00
3.152414734528903306e-01 7.081428203064776383e+00
3.149817073647789289e-01 7.081562097733443473e+00
3.147215236658903459e-01 7.081726688141404935e+00
3.144609421702206364e-01 7.081921961754465755e+00
3.141999827220596231e-01 7.082147903701782710e+00
3.139386651944796047e-01 7.082404496777002123e+00
3.136770094878220672e-01 7.082691721439567267e+00
3.134150355281820066e-01 7.083009555816209613e+00
3.131527632658908655e-01 7.083357975702609721e+00
3.128902126739967482e-01 7.083736954565244659e+00
3.126274037467437483e-01 7.084146463543405936e+00
3.123643564980492227e-01 7.084586471451400413e+00
3.121010909599795657e-01 7.085056944780921739e+00
3.118376271812247080e-01 7.085557847703604750e+00
3.115739852255715592e-01 7.086089142073753067e+00
3.113101851703757306e-01 7.086650787431242549e+00
3.110462471050327582e-01 7.087242741004604163e+00
3.107821911294481598e-01 7.087864957714282710e+00
3.105180373525068815e-01 7.088517390176066080e+00
3.102538058905417451e-01 7.089199988704696587e+00
3.099895168658015066e-01 7.089912701317652832e+00
3.097251904049186932e-01 7.090655473739110981e+00
3.094608466373767186e-01 7.091428249404074791e+00
3.091965056939768863e-01 7.092230969462685941e+00
3.089321877053055054e-01 7.093063572784704007e+00
3.086679128002006722e-01 7.093925995964161402e+00
3.084037011042197185e-01 7.094818173324195065e+00
3.081395727381061600e-01 7.095740036922044247e+00
3.078755478162576997e-01 7.096691516554227697e+00
3.076116464451943422e-01 7.097672539761886945e+00
3.073478887220272293e-01 7.098683031836306334e+00
3.070842947329281425e-01 7.099722915824602687e+00
3.068208845516000038e-01 7.100792112535583733e+00
3.065576782377478215e-01 7.101890540545780617e+00
3.062946958355515226e-01 7.103018116205647381e+00
3.060319573721391739e-01 7.104174753645932761e+00
3.057694828560619804e-01 7.105360364784217175e+00
3.055072922757706144e-01 7.106574859331621141e+00
3.052454055980928227e-01 7.107818144799684212e+00
3.049838427667130869e-01 7.109090126507403795e+00
3.047226237006536720e-01 7.110390707588447157e+00
3.044617682927578395e-01 7.111719788998532188e+00
3.042012964081747817e-01 7.113077269522960933e+00
3.039412278828470537e-01 7.114463045784337858e+00
3.036815825219996712e-01 7.115877012250433786e+00
3.034223800986321495e-01 7.117319061242229239e+00
3.031636403520125422e-01 7.118789082942109658e+00
3.029053829861744207e-01 7.120286965402231161e+00
3.026476276684159639e-01 7.121812594553045273e+00
3.023903940278026004e-01 7.123365854211986203e+00
3.021337016536719267e-01 7.124946626092315327e+00
3.018775700941421780e-01 7.126554789812136192e+00
3.016220188546231418e-01 7.128190222903553419e+00
3.013670673963312341e-01 7.129852800822005676e+00
3.011127351348069636e-01 7.131542396955747876e+00
3.008590414384368361e-01 7.133258882635493237e+00
3.006060056269779790e-01 7.135002127144209894e+00
3.003536469700870959e-01 7.136771997727081818e+00
3.001019846858530293e-01 7.138568359601609181e+00
2.998510379393329872e-01 7.140391075967882806e+00
2.996008258410933767e-01 7.142240008018992725e+00
2.993513674457541907e-01 7.144115014951605502e+00
2.991026817505380020e-01 7.146015953976682766e+00
2.988547876938233427e-01 7.147942680330359622e+00
2.986077041537024690e-01 7.149895047284964278e+00
2.983614499465435110e-01 7.151872906160193111e+00
2.981160438255577305e-01 7.153876106334436713e+00
2.978715044793714406e-01 7.155904495256244502e+00
2.976278505306026445e-01 7.157957918455948310e+00
2.973851005344427811e-01 7.160036219557420978e+00
2.971432729772439663e-01 7.162139240289985942e+00
2.969023862751109522e-01 7.164266820500473365e+00
2.966624587724987494e-01 7.166418798165413051e+00
2.964235087408155223e-01 7.168595009403373908e+00
2.961855543770314236e-01 7.170795288487444630e+00
2.959486138022924817e-01 7.173019467857853826e+00
2.957127050605408147e-01 7.175267378134731366e+00
2.954778461171404524e-01 7.177538848131006510e+00
2.952440548575092638e-01 7.179833704865445476e+00
2.950113490857568244e-01 7.182151773575822240e+00
2.947797465233285563e-01 7.184492877732229665e+00
2.945492648076563080e-01 7.186856839050522083e+00
2.943199214908151506e-01 7.189243477505893765e+00
2.940917340381864475e-01 7.191652611346585289e+00
2.938647198271283068e-01 7.194084057107726693e+00
2.936388961456518065e-01 7.196537629625311183e+00
2.934142801911044929e-01 7.199013142050290526e+00
2.931908890688610936e-01 7.201510405862810771e+00
2.929687397910203384e-01 7.204029230886563440e+00
2.927478492751099393e-01 7.206569425303269938e+00
2.925282343427977882e-01 7.209130795667292091e+00
2.923099117186112594e-01 7.211713146920358142e+00
2.920928980286635057e-01 7.214316282406424641e+00
2.918772097993872494e-01 7.216940003886644028e+00
2.916628634562761224e-01 7.219584111554468109e+00
2.914498753226341110e-01 7.222248404050860771e+00
2.912382616183321615e-01 7.224932678479633275e+00
2.910280384585731683e-01 7.227636730422895894e+00
2.908192218526646777e-01 7.230360353956622355e+00
2.906118277027996966e-01 7.233103341666336839e+00
2.904058718028456609e-01 7.235865484662904912e+00
2.902013698371417316e-01 7.238646572598444351e+00
2.899983373793044161e-01 7.241446393682339888e+00
2.897967898910414064e-01 7.244264734697376973e+00
2.895967427209742984e-01 7.247101381015975008e+00
2.893982111034695270e-01 7.249956116616535162e+00
2.892012101574785166e-01 7.252828724099888547e+00
2.890057548853859348e-01 7.255718984705852748e+00
2.888118601718675515e-01 7.258626678329894055e+00
2.886195407827564785e-01 7.261551583539883836e+00
2.884288113639187912e-01 7.264493477592967707e+00
2.882396864401381431e-01 7.267452136452521749e+00
2.880521804140097064e-01 7.270427334805220632e+00
2.878663075648433822e-01 7.273418846078189226e+00
2.876820820475762264e-01 7.276426442456263466e+00
2.874995178916946448e-01 7.279449894899333806e+00
2.873186290001659149e-01 7.282488973159791712e+00
2.871394291483795325e-01 7.285543445800060525e+00
2.869619319830979953e-01 7.288613080210223139e+00
2.867861510214175791e-01 7.291697642625734943e+00
2.866120996497391049e-01 7.294796898145224695e+00
2.864397911227484217e-01 7.297910610748386873e+00
2.862692385624069913e-01 7.301038543313950413e+00
2.861004549569525768e-01 7.304180457637740709e+00
2.859334531599102003e-01 7.307336114450817099e+00
2.857682458891133148e-01 7.310505273437695628e+00
2.856048457257351902e-01 7.313687693254649957e+00
2.854432651133308463e-01 7.316883131548089558e+00
2.852835163568896437e-01 7.320091344973016945e+00
2.851256116218977010e-01 7.323312089211557740e+00
2.849695629334120794e-01 7.326545118991570682e+00
2.848153821751445158e-01 7.329790188105318904e+00
2.846630810885567020e-01 7.333047049428225606e+00
2.845126712719660556e-01 7.336315454937692770e+00
2.843641641796624264e-01 7.339595155731986509e+00
2.842175711210358502e-01 7.342885902049192559e+00
2.840729032597152925e-01 7.346187443286239294e+00
2.839301716127184960e-01 7.349499528017977568e+00
2.837893870496130400e-01 7.352821904016333399e+00
2.836505602916883917e-01 7.356154318269511272e+00
2.835137019111397816e-01 7.359496517001262283e+00
2.833788223302626252e-01 7.362848245690215343e+00
2.832459318206592691e-01 7.366209249089251898e+00
2.831150405024565608e-01 7.369579271244951713e+00
2.829861583435350769e-01 7.372958055517080389e+00
2.828592951587702853e-01 7.376345344598133735e+00
2.827344606092848101e-01 7.379740880532932756e+00
2.826116642017129088e-01 7.383144404738271049e+00
2.824909152874764962e-01 7.386555658022602167e+00
2.823722230620728801e-01 7.389974380605782045e+00
2.822555965643745446e-01 7.393400312138849628e+00
2.821410446759408108e-01 7.396833191723854561e+00
2.820285761203414898e-01 7.400272757933725742e+00
2.819181994624925802e-01 7.403718748832178953e+00
2.818099231080038458e-01 7.407170901993665346e+00
2.817037553025389385e-01 7.410628954523357237e+00
2.815997041311872895e-01 7.414092643077164979e+00
2.814977775178484354e-01 7.417561703881795587e+00
2.813979832246286117e-01 7.421035872754838003e+00
2.813003288512496147e-01 7.424514885124881225e+00
2.812048218344700423e-01 7.427998476051663523e+00
2.811114694475190245e-01 7.431486380246250079e+00
2.810202787995422224e-01 7.434978332091230158e+00
2.809312568350605943e-01 7.438474065660953372e+00
2.808444103334413189e-01 7.441973314741772150e+00
2.807597459083818192e-01 7.445475812852322406e+00
2.806772700074057769e-01 7.448981293263812198e+00
2.805969889113724136e-01 7.452489489020336144e+00
2.805189087339980403e-01 7.456000132959204940e+00
2.804430354213903742e-01 7.459512957731289973e+00
2.803693747515960122e-01 7.463027695821385699e+00
2.802979323341601159e-01 7.466544079568577352e+00
2.802287136096993647e-01 7.470061841186629081e+00
2.801617238494876205e-01 7.473580712784374747e+00
2.800969681550545265e-01 7.477100426386116716e+00
2.800344514577968735e-01 7.480620713952037981e+00
2.799741785186031784e-01 7.484141307398611609e+00
2.799161539274911958e-01 7.487661938619014634e+00
2.798603821032581429e-01 7.491182339503549947e+00
2.798068672931443568e-01 7.494702241960061073e+00
2.797556135725098869e-01 7.498221377934346066e+00
2.797066248445238545e-01 7.501739479430577617e+00
2.796599048398677456e-01 7.505256278531705405e+00
2.796154571164506386e-01 7.508771507419861102e+00
2.795732850591388652e-01 7.512284898396755395e+00
2.795333918794977723e-01 7.515796183904063454e+00
2.794957806155475288e-01 7.519305096543799749e+00
2.794604541315314772e-01 7.522811369098679535e+00
2.794274151176981413e-01 7.526314734552475016e+00
2.793966660900963350e-01 7.529814926110341311e+00
2.793682093903835373e-01 7.533311677219140634e+00
2.793420471856476461e-01 7.536804721587737177e+00
2.793181814682418329e-01 7.540293793207278661e+00
2.792966140556328858e-01 7.543778626371453022e+00
2.792773465902627650e-01 7.547258955696722893e+00
2.792603805394235361e-01 7.550734516142535213e+00
2.792457171951456818e-01 7.554205043031505085e+00
2.792333576740996248e-01 7.557670272069574757e+00
2.792233029175107406e-01 7.561129939366136199e+00
2.792155536910877478e-01 7.564583781454128797e+00
2.792101105849640885e-01 7.568031535310107749e+00
2.792069740136535194e-01 7.571472938374267159e+00
2.792061442160180262e-01 7.574907728570439147e+00
2.792076212552498937e-01 7.578335644326053000e+00
2.792114050188668761e-01 7.581756424592052568e+00
2.792174952187208015e-01 7.585169808862775476e+00
2.792258913910192208e-01 7.588575537195794141e+00
2.792365928963612132e-01 7.591973350231709716e+00
2.792495989197857353e-01 7.595362989213906069e+00
2.792649084708336282e-01 7.598744196008250462e+00
2.792825203836234449e-01 7.602116713122753389e+00
2.793024333169397688e-01 7.605480283727180435e+00
2.793246457543356320e-01 7.608834651672608196e+00
2.793491560042479227e-01 7.612179561510929560e+00
2.793759622001262266e-01 7.615514758514309257e+00
2.794050623005749356e-01 7.618839988694585230e+00
2.794364540895087901e-01 7.622154998822602501e+00
2.794701351763214103e-01 7.625459536447507070e+00
2.795061029960677623e-01 7.628753349915963433e+00
2.795443548096590569e-01 7.632036188391324139e+00
2.795848877040715275e-01 7.635307801872730060e+00
2.796276985925684744e-01 7.638567941214145840e+00
2.796727842149348553e-01 7.641816358143341148e+00
2.797201411377260305e-01 7.645052805280787567e+00
2.797697657545289984e-01 7.648277036158506625e+00
2.798216542862370648e-01 7.651488805238833457e+00
2.798758027813375571e-01 7.654687867933118284e+00
2.799322071162130277e-01 7.657873980620350629e+00
2.799908629954550032e-01 7.661046900665714254e+00
2.800517659521911118e-01 7.664206386439062157e+00
2.801149113484254216e-01 7.667352197333322295e+00
2.801802943753914921e-01 7.670484093782813595e+00
2.802479100539188028e-01 7.673601837281496252e+00
2.803177532348115619e-01 7.676705190401133194e+00
2.803898185992411696e-01 7.679793916809367182e+00
2.804641006591510610e-01 7.682867781287725961e+00
2.805405937576748165e-01 7.685926549749527048e+00
2.806192920695668169e-01 7.688969989257710580e+00
2.807001896016459441e-01 7.691997868042573572e+00
2.807832801932519384e-01 7.695009955519424238e+00
2.808685575167144677e-01 7.698006022306140395e+00
2.809560150778352416e-01 7.700985840240635483e+00
2.810456462163823388e-01 7.703949182398236672e+00
2.811374441065976337e-01 7.706895823108966148e+00
2.812314017577162706e-01 7.709825537974725584e+00
2.813275120144993480e-01 7.712738103886384700e+00
2.814257675577788165e-01 7.715633299040773885e+00
2.815261609050145331e-01 7.718510902957571140e+00
2.816286844108644716e-01 7.721370696496098418e+00
2.817333302677666462e-01 7.724212461872005164e+00
2.818400905065340245e-01 7.727035982673855941e+00
2.819489569969609866e-01 7.729841043879609686e+00
2.820599214484428852e-01 7.732627431872995061e+00
2.821729754106070409e-01 7.735394934459779215e+00
2.822881102739565051e-01 7.738143340883924637e+00
2.824053172705257575e-01 7.740872441843642093e+00
2.825245874745482277e-01 7.743582029507326325e+00
2.826459118031359741e-01 7.746271897529386052e+00
2.827692810169717963e-01 7.748941841065958513e+00
2.828946857210123955e-01 7.751591656790505880e+00
2.830221163652039684e-01 7.754221142909300646e+00
2.831515632452096254e-01 7.756830099176794668e+00
2.832830165031482439e-01 7.759418326910868302e+00
2.834164661283453679e-01 7.761985629007956966e+00
2.835519019580953204e-01 7.764531809958068465e+00
2.836893136784352509e-01 7.767056675859663528e+00
2.838286908249307849e-01 7.769560034434428886e+00
2.839700227834724977e-01 7.772041695041917997e+00
2.841132987910845453e-01 7.774501468694066553e+00
2.842585079367442313e-01 7.776939168069587183e+00
2.844056391622130087e-01 7.779354607528234489e+00
2.845546812628783062e-01 7.781747603124943069e+00
2.847056228886071794e-01 7.784117972623833204e+00
2.848584525446104521e-01 7.786465535512089531e+00
2.850131585923180166e-01 7.788790113013709160e+00
2.851697292502654579e-01 7.791091528103115671e+00
2.853281525949910025e-01 7.793369605518638998e+00
2.854884165619435143e-01 7.795624171775865641e+00
2.856505089464014269e-01 7.797855055180844985e+00
2.858144174044021657e-01 7.800062085843168624e+00
2.859801294536820082e-01 7.802245095688907561e+00
2.861476324746268785e-01 7.804403918473409085e+00
2.863169137112331342e-01 7.806538389793960420e+00
2.864879602720792340e-01 7.808648347102306708e+00
2.866607591313073966e-01 7.810733629717029558e+00
2.868352971296153631e-01 7.812794078835784362e+00
2.870115609752589281e-01 7.814829537547393734e+00
2.871895372450636863e-01 7.816839850843796178e+00
2.873692123854477698e-01 7.818824865631849974e+00
2.875505727134534673e-01 7.820784430744994964e+00
2.877336044177897789e-01 7.822718396954760678e+00
2.879182935598836313e-01 7.824626616982133243e+00
2.881046260749419163e-01 7.826508945508767745e+00
2.882925877730221353e-01 7.828365239188060265e+00
2.884821643401132563e-01 7.830195356656060035e+00
2.886733413392257308e-01 7.831999158542236827e+00
2.888661042114909483e-01 7.833776507480092022e+00
2.890604382772697933e-01 7.835527268117624899e+00
2.892563287372708070e-01 7.837251307127631961e+00
2.894537606736770630e-01 7.838948493217869462e+00
2.896527190512821481e-01 7.840618697141045423e+00
2.898531887186354128e-01 7.842261791704664198e+00
2.900551544091954370e-01 7.843877651780712945e+00
2.902586007424929337e-01 7.845466154315191787e+00
2.904635122253020896e-01 7.847027178337482312e+00
2.906698732528199547e-01 7.848560604969561538e+00
2.908776681098554917e-01 7.850066317435054231e+00
2.910868809720257300e-01 7.851544201068126227e+00
2.912974959069611902e-01 7.852994143322217013e+00
2.915094968755192473e-01 7.854416033778611528e+00
2.917228677330052644e-01 7.855809764154844999e+00
2.919375922304023874e-01 7.857175228312954118e+00
2.921536540156088324e-01 7.858512322267556804e+00
2.923710366346830569e-01 7.859820944193770309e+00
2.925897235330970347e-01 7.861100994434969458e+00
2.928096980569967478e-01 7.862352375510372582e+00
2.930309434544705605e-01 7.863574992122464913e+00
2.932534428768248658e-01 7.864768751164259442e+00
2.934771793798671702e-01 7.865933561726381917e+00
2.937021359251966168e-01 7.867069335103998640e+00
2.939282953815012256e-01 7.868175984803569278e+00
2.941556405258629048e-01 7.869253426549436270e+00
2.943841540450685690e-01 7.870301578290236577e+00
2.946138185369291396e-01 7.871320360205159794e+00
2.948446165116042628e-01 7.872309694710017069e+00
2.950765303929346883e-01 7.873269506463155487e+00
2.953095425197804214e-01 7.874199722371193921e+00
2.955436351473658130e-01 7.875100271594590140e+00
2.957787904486310349e-01 7.875971085553034712e+00
2.960149905155894379e-01 7.876812097930671719e+00
2.962522173606914055e-01 7.877623244681153380e+00
2.964904529181942028e-01 7.878404464032513488e+00
2.967296790455377642e-01 7.879155696491874750e+00
2.969698775247263667e-01 7.879876884849975838e+00
2.972110300637157976e-01 7.880567974185532343e+00
2.974531182978065180e-01 7.881228911869414766e+00
2.976961237910423219e-01 7.881859647568660421e+00
2.979400280376139354e-01 7.882460133250302370e+00
2.981848124632687780e-01 7.883030323185032273e+00
2.984304584267250537e-01 7.883570173950678495e+00
2.986769472210916154e-01 7.884079644435515455e+00
2.989242600752924361e-01 7.884558695841393572e+00
2.991723781554961326e-01 7.885007291686692454e+00
2.994212825665503175e-01 7.885425397809101788e+00
2.996709543534204490e-01 7.885812982368222812e+00
2.999213745026332312e-01 7.886170015847990378e+00
3.001725239437247339e-01 7.886496471058921820e+00
3.004243835506927862e-01 7.886792323140189076e+00
3.006769341434530896e-01 7.887057549561511394e+00
3.009301564893003267e-01 7.887292130124869516e+00
3.011840313043723238e-01 7.887496046966045782e+00
3.014385392551190979e-01 7.887669284555983040e+00
3.016936609597747898e-01 7.887811829701966815e+00
3.019493769898338731e-01 7.887923671548634275e+00
3.022056678715306366e-01 7.888004801578794911e+00
3.024625140873221096e-01 7.888055213614083350e+00
3.027198960773745950e-01 7.888074903815426531e+00
3.029777942410529779e-01 7.888063870683341250e+00
3.032361889384136977e-01 7.888022115058041628e+00
3.034950604917000527e-01 7.887949640119380490e+00
3.037543891868410562e-01 7.887846451386606006e+00
3.040141552749524578e-01 7.887712556717938917e+00
3.042743389738410409e-01 7.887547966309977454e+00
3.045349204695107503e-01 7.887352692696916634e+00
3.047958799176717637e-01 7.887126750749599680e+00
3.050571974452517821e-01 7.886870157674380266e+00
3.053188531519093196e-01 7.886582933011815122e+00
3.055808271115493802e-01 7.886265098635172777e+00
3.058430993738405212e-01 7.885916678748772668e+00
3.061056499657346386e-01 7.885537699886137730e+00
3.063684588929876385e-01 7.885128190907976453e+00
3.066315061416821641e-01 7.884688182999981976e+00
3.068947716797518210e-01 7.884217709670460650e+00
3.071582354585066232e-01 7.883716806747777639e+00
3.074218774141597721e-01 7.883185512377629323e+00
3.076856774693556562e-01 7.882623867020139841e+00
3.079496155346986286e-01 7.882031913446778226e+00
3.082136715102832270e-01 7.881409696737099679e+00
3.084778252872245052e-01 7.880757264275316309e+00
3.087420567491896417e-01 7.880074665746685803e+00
3.090063457739298802e-01 7.879361953133729557e+00
3.092706722348126935e-01 7.878619180712271408e+00
3.095350160023546682e-01 7.877846405047307599e+00
3.097993569457545004e-01 7.877043684988696448e+00
3.100636749344258813e-01 7.876211081666678382e+00
3.103279498395307145e-01 7.875348658487220987e+00
3.105921615355116683e-01 7.874456481127187324e+00
3.108562899016252268e-01 7.873534617529338142e+00
3.111203148234736870e-01 7.872583137897154693e+00
3.113842161945371001e-01 7.871602114689495444e+00
3.116479739177041575e-01 7.870591622615076055e+00
3.119115679068031888e-01 7.869551738626779702e+00
3.121749780881313829e-01 7.868482541915798656e+00
3.124381844019835652e-01 7.867384113905601772e+00
3.127011668041798642e-01 7.866256538245735008e+00
3.129639052675922128e-01 7.865099900805449629e+00
3.132263797836694064e-01 7.863914289667165214e+00
3.134885703639607724e-01 7.862699795119761248e+00
3.137504570416385641e-01 7.861456509651698177e+00
3.140120198730182999e-01 7.860184527943978594e+00
3.142732389390777148e-01 7.858883946862935233e+00
3.145340943469735473e-01 7.857554865452850201e+00
3.147945662315566051e-01 7.856197384928421457e+00
3.150546347568843331e-01 7.854811608667044531e+00
3.153142801177317156e-01 7.853397642200948603e+00
3.155734825410992372e-01 7.851955593209153150e+00
3.158322222877187890e-01 7.850485571509272731e+00
3.160904796535569661e-01 7.848987689049151228e+00
3.163482349713154229e-01 7.847462059898337117e+00
3.166054686119287864e-01 7.845908800239396186e+00
3.168621609860594601e-01 7.844328028359067062e+00
3.171182925455892088e-01 7.842719864639246197e+00
3.173738437851082450e-01 7.841084431547828970e+00
3.176287952434001527e-01 7.839421853629376713e+00
3.178831275049244232e-01 7.837732257495634514e+00
3.181368212012945507e-01 7.836015771815890041e+00
3.183898570127534078e-01 7.834272527307172496e+00
3.186422156696442909e-01 7.832502656724300572e+00
3.188938779538783574e-01 7.830706294849773208e+00
3.191448247003983996e-01 7.828883578483499583e+00
3.193950367986380101e-01 7.827034646432389664e+00
3.196444951939771961e-01 7.825159639499776887e+00
3.198931808891933848e-01 7.823258700474699623e+00
3.201410749459080440e-01 7.821331974121022768e+00
3.203881584860289178e-01 7.819379607166418111e+00
3.206344126931878757e-01 7.817401748291188390e+00
3.208798188141736563e-01 7.815398548116945676e+00
3.211243581603599462e-01 7.813370159195137887e+00
3.213680121091287423e-01 7.811316735995434080e+00
3.216107621052886056e-01 7.809238434893961411e+00
3.218525896624874205e-01 7.807135414161396447e+00
3.220934763646204346e-01 7.805007833950909024e+00
3.223334038672326374e-01 7.802855856285969338e+00
3.225723538989158645e-01 7.800679645048008481e+00
3.228103082626999631e-01 7.798479365963937759e+00
3.230472488374389051e-01 7.796255186593528563e+00
3.232831575791905721e-01 7.794007276316651023e+00
3.235180165225909343e-01 7.791735806320375879e+00
3.237518077822221230e-01 7.789440949585936913e+00
3.239845135539745624e-01 7.787122880875560149e+00
3.242161161164028305e-01 7.784781776719152724e+00
3.244465978320750232e-01 7.782417815400860306e+00
3.246759411489162361e-01 7.780031176945488625e+00
3.249041286015449392e-01 7.777622043104797100e+00
3.251311428126030800e-01 7.775190597343655696e+00
3.253569664940795803e-01 7.772737024826071206e+00
3.255815824486268939e-01 7.770261512401091863e+00
3.258049735708702932e-01 7.767764248588571618e+00
3.260271228487110484e-01 7.765245423564818950e+00
3.262480133646214475e-01 7.762705229148112451e+00
3.264676282969335985e-01 7.760143858784091186e+00
3.266859509211201273e-01 7.757561507531024247e+00
3.269029646110678811e-01 7.754958372044957748e+00
3.271186528403441374e-01 7.752334650564738361e+00
3.273329991834552644e-01 7.749690542896914280e+00
3.275459873170972758e-01 7.747026250400521619e+00
3.277576010213992252e-01 7.744341975971749115e+00
3.279678241811582184e-01 7.741637924028486495e+00
3.281766407870667090e-01 7.738914300494760035e+00
3.283840349369316902e-01 7.736171312785045551e+00
3.285899908368857814e-01 7.733409169788476589e+00
3.287944928025896552e-01 7.730628081852938038e+00
3.289975252604269707e-01 7.727828260769042501e+00
3.291990727486899804e-01 7.725009919754005416e+00
3.293991199187570884e-01 7.722173273435407381e+00
3.295976515362618597e-01 7.719318537834847227e+00
3.297946524822528702e-01 7.716445930351494731e+00
3.299901077543454520e-01 7.713555669745529642e+00
3.301840024678638352e-01 7.710647976121488334e+00
3.303763218569749083e-01 7.707723070911498553e+00
3.305670512758126511e-01 7.704781176858414682e+00
3.307561761995932437e-01 7.701822517998860640e+00
3.309436822257216804e-01 7.698847319646161758e+00
3.311295550748880601e-01 7.695855808373193163e+00
3.313137805921551604e-01 7.692848211995118923e+00
3.314963447480367420e-01 7.689824759552048583e+00
3.316772336395654164e-01 7.686785681291590677e+00
3.318564334913518543e-01 7.683731208651321865e+00
3.320339306566334470e-01 7.680661574241159251e+00
3.322097116183138077e-01 7.677577011825647446e+00
3.323837629899922819e-01 7.674477756306156806e+00
3.325560715169829651e-01 7.671364043702995517e+00
3.327266240773243955e-01 7.668236111137431976e+00
3.328954076827788100e-01 7.665094196813641680e+00
3.330624094798211865e-01 7.661938540000565290e+00
3.332276167506180720e-01 7.658769381013686761e+00
3.333910169139961965e-01 7.655586961196732432e+00
3.335525975264005405e-01 7.652391522903292831e+00
3.337123462828417431e-01 7.649183309478365445e+00
3.338702510178336857e-01 7.645962565239824649e+00
3.340262997063193073e-01 7.642729535459811707e+00
3.341804804645868709e-01 7.639484466346063485e+00
3.343327815511746848e-01 7.636227605023156784e+00
3.344831913677653312e-01 7.632959199513689619e+00
3.346316984600689604e-01 7.629679498719395880e+00
3.347782915186955366e-01 7.626388752402189830e+00
3.349229593800161497e-01 7.623087211165143096e+00
3.350656910270128908e-01 7.619775126433404822e+00
3.352064755901183468e-01 7.616452750435048991e+00
3.353453023480429396e-01 7.613120336181872005e+00
3.354821607285916052e-01 7.609778137450120106e+00
3.356170403094687615e-01 7.606426408761167046e+00
3.357499308190721177e-01 7.603065405362130491e+00
3.358808221372748259e-01 7.599695383206429788e+00
3.360097042961963099e-01 7.596316598934302000e+00
3.361365674809611015e-01 7.592929309853248654e+00
3.362614020304465767e-01 7.589533773918449633e+00
3.363841984380184780e-01 7.586130249713111340e+00
3.365049473522548906e-01 7.582718996428780223e+00
3.366236395776585066e-01 7.579300273845600344e+00
3.367402660753568422e-01 7.575874342312532761e+00
3.368548179637905760e-01 7.572441462727527828e+00
3.369672865193898970e-01 7.569001896517657535e+00
3.370776631772388066e-01 7.565555905619204324e+00
3.371859395317275410e-01 7.562103752457717043e+00
3.372921073371924483e-01 7.558645699928025152e+00
3.373961585085440973e-01 7.555182011374217410e+00
3.374980851218829514e-01 7.551712950569586802e+00
3.375978794151027751e-01 7.548238781696544386e+00
3.376955337884817721e-01 7.544759769326501164e+00
3.377910408052613445e-01 7.541276178399718866e+00
3.378843931922123622e-01 7.537788274205132311e+00
3.379755838401891643e-01 7.534296322360152232e+00
3.380646058046707925e-01 7.530800588790429018e+00
3.381514523062900679e-01 7.527301339709610239e+00
3.382361167313495676e-01 7.523798841599059983e+00
3.383185926323256099e-01 7.520293361187570191e+00
3.383988737283589732e-01 7.516785165431046245e+00
3.384769539057333465e-01 7.513274521492177449e+00
3.385528272183410126e-01 7.509761696720092417e+00
3.386264878881353746e-01 7.506246958629996691e+00
3.386979303055712709e-01 7.502730574882805037e+00
3.387671490300320221e-01 7.499212813264752420e+00
3.388341387902437662e-01 7.495693941667007643e+00
3.388988944846768603e-01 7.492174228065265673e+00
3.389614111819345688e-01 7.488653940499344408e+00
3.390216841211282084e-01 7.485133347052770780e+00
3.390797087122401909e-01 7.481612715832367755e+00
3.391354805364732439e-01 7.478092314947832442e+00
3.391889953465870300e-01 7.474572412491321316e+00
3.392402490672215554e-01 7.471053276517035435e+00
3.392892377952075322e-01 7.467535175020804772e+00
3.393359577998636412e-01 7.464018375919676984e+00
3.393804055232807482e-01 7.460503147031521287e+00
3.394225775805925216e-01 7.456989756054626994e+00
3.394624707602336144e-01 7.453478470547318047e+00
3.395000820241838579e-01 7.449969557907582640e+00
3.395354085081999096e-01 7.446463285352702854e+00
3.395684475220332454e-01 7.442959919898907373e+00
3.395991965496350518e-01 7.439459728341041078e+00
3.396276532493478495e-01 7.435962977232241755e+00
3.396538154540837406e-01 7.432469932863645212e+00
3.396776811714895539e-01 7.428980861244103728e+00
3.396992485840985010e-01 7.425496028079929367e+00
3.397185160494686218e-01 7.422015698754659496e+00
3.397354821003078507e-01 7.418540138308847176e+00
3.397501454445857050e-01 7.415069611419877305e+00
3.397625049656317620e-01 7.411604382381807632e+00
3.397725597222206462e-01 7.408144715085246190e+00
3.397803089486436390e-01 7.404690872997253592e+00
3.397857520547672983e-01 7.401243119141274640e+00
3.397888886260778674e-01 7.397801716077115231e+00
3.397897184237133605e-01 7.394366925880943242e+00
3.397882413844814931e-01 7.390939010125328501e+00
3.397844576208645107e-01 7.387518229859329821e+00
3.397783674210105853e-01 7.384104845588606914e+00
3.397699712487121659e-01 7.380699117255589137e+00
3.397592697433701736e-01 7.377301304219672673e+00
3.397462637199456514e-01 7.373911665237476321e+00
3.397309541688977585e-01 7.370530458443132815e+00
3.397133422561079419e-01 7.367157941328629001e+00
3.396934293227916180e-01 7.363794370724201066e+00
3.396712168853957547e-01 7.360440002778774193e+00
3.396467066354834641e-01 7.357095092940452830e+00
3.396199004396051602e-01 7.353759895937073132e+00
3.395908003391564511e-01 7.350434665756797159e+00
3.395594085502225967e-01 7.347119655628779888e+00
3.395257274634099209e-01 7.343815118003875320e+00
3.394897596436636245e-01 7.340521304535418956e+00
3.394515078300723299e-01 7.337238466060058251e+00
3.394109749356598593e-01 7.333966852578652329e+00
3.393681640471629124e-01 7.330706713237236549e+00
3.393230784247965315e-01 7.327458296308042129e+00
3.392757215020053563e-01 7.324221849170594822e+00
3.392260968852023884e-01 7.320997618292875764e+00
3.391742083534943220e-01 7.317785849212548932e+00
3.391200598583938297e-01 7.314586786518264105e+00
3.390636555235183591e-01 7.311400673831031760e+00
3.390049996442763836e-01 7.308227753785668135e+00
3.389440966875402750e-01 7.305068268012319344e+00
3.388809512913059652e-01 7.301922457118060095e+00
3.388155682643398392e-01 7.298790560668568794e+00
3.387479525858125839e-01 7.295672817169886137e+00
3.386781094049198249e-01 7.292569464050249195e+00
3.386060440404902172e-01 7.289480737642015207e+00
3.385317619805803258e-01 7.286406873163656428e+00
3.384552688820565702e-01 7.283348104701855341e+00
3.383765705701645699e-01 7.280304665193672697e+00
3.382956730380854427e-01 7.277276786408808817e+00
3.382125824464794484e-01 7.274264698931958151e+00
3.381273051230169191e-01 7.271268632145241995e+00
3.380398475618961451e-01 7.268288814210746906e+00
3.379502164233490480e-01 7.265325472053145717e+00
3.378584185331337530e-01 7.262378831342416241e+00
3.377644608820151162e-01 7.259449116476656805e+00
3.376683506252320388e-01 7.256536550564997690e+00
3.375700950819525703e-01 7.253641355410608504e+00
3.374697017347168537e-01 7.250763751493811249e+00
3.373671782288669152e-01 7.247903957955283971e+00
3.372625323719646850e-01 7.245062192579377225e+00
3.371557721331973623e-01 7.242238671777526449e+00
3.370469056427704002e-01 7.239433610571772704e+00
3.369359411912885016e-01 7.236647222578387328e+00
3.368228872291243459e-01 7.233879719991603174e+00
3.367077523657748817e-01 7.231131313567457752e+00
3.365905453692056293e-01 7.228402212607741184e+00
3.364712751651831590e-01 7.225692624944056064e+00
3.363499508365953572e-01 7.223002756921995449e+00
3.362265816227595905e-01 7.220332813385423876e+00
3.361011769187189913e-01 7.217682997660876509e+00
3.359737462745274739e-01 7.215053511542081743e+00
3.358442993945217614e-01 7.212444555274587721e+00
3.357128461365831429e-01 7.209856327540514087e+00
3.355793965113860189e-01 7.207289025443425423e+00
3.354439606816360664e-01 7.204742844493313925e+00
3.353065489612960803e-01 7.202217978591718861e+00
3.351671718148006018e-01 7.199714620016953504e+00
3.350258398562588891e-01 7.197232959409464392e+00
3.348825638486468415e-01 7.194773185757316725e+00
3.347373547029871554e-01 7.192335486381795207e+00
3.345902234775183781e-01 7.189920046923147012e+00
3.344411813768530806e-01 7.187527051326439320e+00
3.342902397511242074e-01 7.185156681827549185e+00
3.341374100951209902e-01 7.182809118939292858e+00
3.339827040474133701e-01 7.180484541437673229e+00
3.338261333894659288e-01 7.178183126348266718e+00
3.336677100447403843e-01 7.175905048932743391e+00
3.335074460777878724e-01 7.173650482675516749e+00
3.333453536933299599e-01 7.171419599270537404e+00
3.331814452353292211e-01 7.169212568608213765e+00
3.330157331860493231e-01 7.167029558762474828e+00
3.328482301651045083e-01 7.164870735977973304e+00
3.326789489284982526e-01 7.162736264657421970e+00
3.325079023676521528e-01 7.160626307349075681e+00
3.323351035084240457e-01 7.158541024734352831e+00
3.321605655101160237e-01 7.156480575615598028e+00
3.319843016644725142e-01 7.154445116903988655e+00
3.318063253946677005e-01 7.152434803607586211e+00
3.316266502542836170e-01 7.150449788819531527e+00
3.314452899262779195e-01 7.148490223706387425e+00
3.312622582219416079e-01 7.146556257496621711e+00
3.310775690798477555e-01 7.144648037469250035e+00
3.308912365647894704e-01 7.142765708942614644e+00
3.307032748667092514e-01 7.140909415263322124e+00
3.305136982996181860e-01 7.139079297795322354e+00
3.303225213005056560e-01 7.137275495909145562e+00
3.301297584282404940e-01 7.135498146971290367e+00
3.299354243624615934e-01 7.133747386333758378e+00
3.297395339024605798e-01 7.132023347323750428e+00
3.295421019660543238e-01 7.130326161233512927e+00
3.293431435884492386e-01 7.128655957310336966e+00
3.291426739210959740e-01 7.127012862746718191e+00
3.289407082305359498e-01 7.125397002670669444e+00
3.287372618972383975e-01 7.123808500136190602e+00
3.285323504144293527e-01 7.122247476113900078e+00
3.283259893869114321e-01 7.120714049481820851e+00
3.281181945298758951e-01 7.119208337016328159e+00
3.279089816677056568e-01 7.117730453383256162e+00
3.276983667327701966e-01 7.116280511129165376e+00
3.274863657642121395e-01 7.114858620672770861e+00
3.272729949067261224e-01 7.113464890296537391e+00
3.270582704093289994e-01 7.112099426138428271e+00
3.268422086241225544e-01 7.110762332183825585e+00
3.266248260050483299e-01 7.109453710257612080e+00
3.264061391066344076e-01 7.108173660016412931e+00
3.261861645827346390e-01 7.106922278941009807e+00
3.259649191852608263e-01 7.105699662328917476e+00
3.257424197629065210e-01 7.104505903287122948e+00
3.255186832598642166e-01 7.103341092725000472e+00
3.252937267145347700e-01 7.102205319347383750e+00
3.250675672582301612e-01 7.101098669647813111e+00
3.248402221138684820e-01 7.100021227901946119e+00
3.246117085946628178e-01 7.098973076161145812e+00
3.243820441028022472e-01 7.097954294246222595e+00
3.241512461281271240e-01 7.096964959741365320e+00
3.239193322467966984e-01 7.096005147988226902e+00
3.236863201199509654e-01 7.095074932080188468e+00
3.234522274923655738e-01 7.094174382856792249e+00
3.232170721911003519e-01 7.093303568898347677e+00
3.229808721241419489e-01 7.092462556520710670e+00
3.227436452790400367e-01 7.091651409770229009e+00
3.225054097215371840e-01 7.090870190418868901e+00
3.222661835941936226e-01 7.090118957959507640e+00
3.220259851150050201e-01 7.089397769601406551e+00
3.217848325760155892e-01 7.088706680265850046e+00
3.215427443419248688e-01 7.088045742581967623e+00
3.212997388486890649e-01 7.087415006882721968e+00
3.210558346021174514e-01 7.086814521201080019e+00
3.208110501764626088e-01 7.086244331266350116e+00
3.205654042130063330e-01 7.085704480500703895e+00
3.203189154186398269e-01 7.085195010015866934e+00
3.200716025644389506e-01 7.084715958609988817e+00
3.198234844842352542e-01 7.084267362764689935e+00
3.195745800731810693e-01 7.083849256642280601e+00
3.193249082863109378e-01 7.083461672083159577e+00
3.190744881370982111e-01 7.083104638603392011e+00
3.188233386960066529e-01 7.082778183392460569e+00
3.185714790890386006e-01 7.082482331311193313e+00
3.183189284962782972e-01 7.082217104889870996e+00
3.180657061504310601e-01 7.081982524326512873e+00
3.178118313353590629e-01 7.081778607485336607e+00
3.175573233846122889e-01 7.081605369895399349e+00
3.173022016799565970e-01 7.081462824749415574e+00
3.170464856498975137e-01 7.081350982902748115e+00
3.167901947682007502e-01 7.081269852872587478e+00
3.165333485524092771e-01 7.081219440837299040e+00
3.162759665623567917e-01 7.081199750635955859e+00
